68	202951.140 오후	
80	202951.144 오후	0
74	202951.148 오후	0
57	202951.152 오후	0
40	202951.157 오후	0
26	202951.161 오후	0
26	202951.166 오후	0
36	202951.172 오후	0
51	202951.178 오후	0
53	202951.184 오후	0
41	202951.210 오후	0
43	202951.218 오후	0
76	202951.225 오후	0
114	202951.231 오후	0
129	202951.239 오후	0
106	202951.246 오후	0
75	202951.258 오후	0
55	202951.267 오후	0
60	202951.275 오후	0
74	202951.285 오후	0
71	202951.293 오후	0
51	202951.305 오후	0
54	202951.319 오후	0
80	202951.324 오후	0
83	202951.329 오후	0
71	202951.335 오후	0
75	202951.340 오후	0
82	202951.345 오후	0
68	202951.351 오후	0
44	202951.358 오후	0
7	202951.363 오후	0
-54	202951.369 오후	0
-67	202951.375 오후	0
4	202951.382 오후	0
72	202951.392 오후	0
83	202951.402 오후	0
81	202951.411 오후	0
88	202951.420 오후	0
106	202951.429 오후	0
137	202951.438 오후	0
182	202951.447 오후	0
203	202951.457 오후	0
184	202951.465 오후	0
132	202951.474 오후	0
104	202951.482 오후	0
134	202951.494 오후	0
184	202951.504 오후	0
210	202951.513 오후	0
187	202951.523 오후	0
154	202951.532 오후	0
148	202951.541 오후	0
165	202951.550 오후	0
183	202951.559 오후	0
176	202951.569 오후	0
152	202951.578 오후	0
140	202951.587 오후	0
140	202951.596 오후	0
133	202951.606 오후	0
118	202951.618 오후	0
84	202951.627 오후	0
51	202951.640 오후	0
41	202951.654 오후	0
40	202951.663 오후	0
41	202951.673 오후	0
48	202951.680 오후	0
48	202951.687 오후	0
43	202951.718 오후	0
41	202951.726 오후	0
36	202951.736 오후	0
23	202951.745 오후	0
22	202951.755 오후	0
26	202951.764 오후	0
24	202951.774 오후	0
7	202951.784 오후	0
-13	202951.794 오후	0
-13	202951.802 오후	0
-2	202951.809 오후	0
6	202951.816 오후	0
17	202951.823 오후	0
38	202951.829 오후	0
42	202951.838 오후	0
42	202951.844 오후	0
33	202951.851 오후	0
20	202951.860 오후	0
8	202951.867 오후	0
-9	202951.875 오후	0
-29	202951.881 오후	0
-33	202951.889 오후	0
-29	202951.895 오후	0
-25	202951.902 오후	0
-29	202951.908 오후	0
-33	202951.915 오후	0
-20	202951.923 오후	0
-12	202951.933 오후	0
-19	202951.943 오후	0
-30	202951.951 오후	0
-26	202951.955 오후	0
-7	202951.961 오후	0
-8	202951.965 오후	0
-47	202951.969 오후	0
-57	202951.974 오후	0
-36	202951.978 오후	0
-14	202951.982 오후	0
-15	202951.987 오후	0
-27	202951.991 오후	0
-34	202951.995 오후	0
-37	202952.000 오후	0
-35	202952.005 오후	0
-21	202952.008 오후	0
11	202952.012 오후	0
35	202952.017 오후	0
41	202952.021 오후	0
40	202952.025 오후	0
49	202952.030 오후	0
64	202952.033 오후	0
73	202952.039 오후	0
78	202952.043 오후	0
81	202952.053 오후	0
71	202952.056 오후	0
64	202952.060 오후	0
66	202952.065 오후	0
61	202952.069 오후	0
40	202952.074 오후	0
25	202952.078 오후	0
34	202952.081 오후	0
50	202952.086 오후	0
60	202952.090 오후	0
72	202952.092 오후	0
81	202952.098 오후	0
80	202952.103 오후	0
69	202952.128 오후	0
55	202952.131 오후	0
55	202952.136 오후	0
54	202952.140 오후	0
40	202952.145 오후	0
17	202952.149 오후	0
1	202952.153 오후	0
-1	202952.158 오후	0
22	202952.162 오후	0
41	202952.167 오후	0
43	202952.172 오후	0
43	202952.176 오후	0
34	202952.181 오후	0
24	202952.185 오후	0
32	202952.190 오후	0
49	202952.194 오후	0
72	202952.199 오후	0
68	202952.203 오후	0
44	202952.208 오후	0
26	202952.212 오후	0
22	202952.216 오후	0
39	202952.221 오후	0
58	202952.226 오후	0
68	202952.230 오후	0
71	202952.234 오후	0
68	202952.238 오후	0
55	202952.243 오후	0
52	202952.247 오후	0
52	202952.256 오후	0
58	202952.266 오후	0
66	202952.277 오후	0
64	202952.286 오후	0
50	202952.295 오후	0
40	202952.306 오후	0
34	202952.317 오후	0
29	202952.327 오후	0
27	202952.337 오후	0
25	202952.346 오후	0
8	202952.357 오후	0
7	202952.367 오후	0
32	202952.377 오후	0
33	202952.387 오후	0
8	202952.397 오후	0
6	202952.407 오후	0
34	202952.417 오후	0
25	202952.426 오후	0
9	202952.437 오후	0
6	202952.446 오후	0
13	202952.457 오후	0
35	202952.466 오후	0
40	202952.476 오후	0
44	202952.487 오후	0
61	202952.497 오후	0
69	202952.507 오후	0
55	202952.518 오후	0
43	202952.529 오후	0
38	202952.540 오후	0
40	202952.550 오후	0
33	202952.560 오후	0
18	202952.571 오후	0
22	202952.580 오후	0
28	202952.587 오후	0
42	202952.593 오후	0
66	202952.599 오후	0
69	202952.629 오후	0
64	202952.636 오후	0
68	202952.642 오후	0
80	202952.649 오후	0
77	202952.655 오후	0
73	202952.661 오후	0
74	202952.669 오후	0
55	202952.676 오후	0
46	202952.683 오후	0
52	202952.689 오후	0
66	202952.696 오후	0
74	202952.703 오후	0
89	202952.710 오후	0
105	202952.717 오후	0
110	202952.723 오후	0
106	202952.729 오후	0
85	202952.734 오후	0
61	202952.739 오후	0
52	202952.743 오후	0
43	202952.748 오후	0
38	202952.753 오후	0
34	202952.757 오후	0
22	202952.761 오후	0
36	202952.766 오후	0
70	202952.770 오후	0
92	202952.775 오후	0
78	202952.780 오후	0
55	202952.785 오후	0
41	202952.790 오후	0
46	202952.794 오후	0
50	202952.799 오후	0
37	202952.804 오후	0
11	202952.808 오후	0
10	202952.813 오후	0
26	202952.818 오후	0
34	202952.822 오후	0
10	202952.827 오후	0
-33	202952.831 오후	0
-64	202952.836 오후	0
-68	202952.840 오후	0
-29	202952.845 오후	0
30	202952.849 오후	0
61	202952.854 오후	0
77	202952.859 오후	0
91	202952.863 오후	0
85	202952.868 오후	0
84	202952.872 오후	0
82	202952.878 오후	0
65	202952.883 오후	0
33	202952.887 오후	0
34	202952.892 오후	0
49	202952.897 오후	0
54	202952.901 오후	0
36	202952.906 오후	0
27	202952.911 오후	0
51	202952.916 오후	0
74	202952.921 오후	0
58	202952.926 오후	0
2	202952.930 오후	0
-53	202952.956 오후	0
-69	202952.960 오후	0
-43	202952.964 오후	0
-12	202952.969 오후	0
11	202952.974 오후	0
27	202952.979 오후	0
33	202952.984 오후	0
53	202952.989 오후	0
70	202952.994 오후	0
67	202953.000 오후	0
45	202953.007 오후	0
33	202953.011 오후	0
38	202953.016 오후	0
43	202953.022 오후	0
53	202953.027 오후	0
61	202953.032 오후	0
64	202953.036 오후	0
50	202953.041 오후	0
35	202953.046 오후	0
36	202953.052 오후	0
43	202953.058 오후	0
59	202953.062 오후	0
61	202953.068 오후	0
56	202953.073 오후	0
70	202953.078 오후	0
89	202953.083 오후	0
92	202953.088 오후	0
71	202953.092 오후	0
55	202953.097 오후	0
67	202953.102 오후	0
73	202953.107 오후	0
69	202953.112 오후	0
56	202953.117 오후	0
38	202953.122 오후	0
32	202953.126 오후	0
33	202953.130 오후	0
34	202953.135 오후	0
33	202953.139 오후	0
21	202953.143 오후	0
11	202953.146 오후	0
9	202953.152 오후	0
18	202953.156 오후	0
17	202953.160 오후	0
10	202953.164 오후	0
20	202953.169 오후	0
38	202953.173 오후	0
56	202953.177 오후	0
48	202953.180 오후	0
32	202953.185 오후	0
43	202953.189 오후	0
64	202953.193 오후	0
80	202953.197 오후	0
72	202953.202 오후	0
71	202953.206 오후	0
86	202953.210 오후	0
91	202953.214 오후	0
80	202953.218 오후	0
85	202953.223 오후	0
94	202953.227 오후	0
97	202953.231 오후	0
91	202953.235 오후	0
68	202953.239 오후	0
48	202953.243 오후	0
43	202953.246 오후	0
42	202953.272 오후	0
42	202953.275 오후	0
51	202953.279 오후	0
55	202953.284 오후	0
54	202953.289 오후	0
59	202953.292 오후	0
69	202953.297 오후	0
70	202953.300 오후	0
60	202953.305 오후	0
59	202953.309 오후	0
56	202953.313 오후	0
46	202953.318 오후	0
31	202953.322 오후	0
21	202953.326 오후	0
18	202953.333 오후	0
16	202953.342 오후	0
36	202953.352 오후	0
50	202953.359 오후	0
54	202953.365 오후	0
67	202953.371 오후	0
93	202953.376 오후	0
105	202953.381 오후	0
113	202953.386 오후	0
123	202953.391 오후	0
125	202953.396 오후	0
134	202953.403 오후	0
129	202953.408 오후	0
106	202953.414 오후	0
96	202953.419 오후	0
92	202953.423 오후	0
82	202953.428 오후	0
65	202953.433 오후	0
56	202953.437 오후	0
62	202953.440 오후	0
76	202953.444 오후	0
85	202953.449 오후	0
99	202953.454 오후	0
97	202953.458 오후	0
75	202953.462 오후	0
56	202953.468 오후	0
50	202953.471 오후	0
39	202953.477 오후	0
39	202953.481 오후	0
40	202953.485 오후	0
39	202953.489 오후	0
38	202953.494 오후	0
32	202953.497 오후	0
36	202953.501 오후	0
54	202953.506 오후	0
75	202953.510 오후	0
80	202953.514 오후	0
65	202953.519 오후	0
42	202953.523 오후	0
14	202953.527 오후	0
10	202953.531 오후	0
84	202953.536 오후	0
170	202953.540 오후	0
209	202953.545 오후	0
198	202953.549 오후	0
172	202953.553 오후	0
179	202953.557 오후	0
217	202953.562 오후	0
265	202953.567 오후	0
281	202953.571 오후	0
262	202953.595 오후	0
231	202953.602 오후	0
204	202953.612 오후	0
210	202953.621 오후	0
241	202953.629 오후	0
257	202953.635 오후	0
246	202953.641 오후	0
217	202953.646 오후	0
193	202953.652 오후	0
186	202953.657 오후	0
197	202953.662 오후	0
184	202953.668 오후	0
156	202953.673 오후	0
138	202953.680 오후	0
115	202953.686 오후	0
98	202953.691 오후	0
70	202953.697 오후	0
37	202953.703 오후	0
20	202953.708 오후	0
16	202953.714 오후	0
20	202953.720 오후	0
23	202953.725 오후	0
4	202953.730 오후	0
-18	202953.737 오후	0
-25	202953.742 오후	0
-15	202953.747 오후	0
-3	202953.753 오후	0
-4	202953.759 오후	0
-15	202953.765 오후	0
2	202953.771 오후	0
21	202953.777 오후	0
12	202953.783 오후	0
-8	202953.789 오후	0
-26	202953.794 오후	0
-34	202953.800 오후	0
-36	202953.806 오후	0
-26	202953.812 오후	0
-38	202953.818 오후	0
-53	202953.824 오후	0
-49	202953.829 오후	0
-9	202953.835 오후	0
4	202953.841 오후	0
-2	202953.847 오후	0
2	202953.853 오후	0
12	202953.858 오후	0
9	202953.864 오후	0
-2	202953.869 오후	0
-3	202953.876 오후	0
-9	202953.881 오후	0
-23	202953.887 오후	0
-6	202953.893 오후	0
17	202953.899 오후	0
8	202953.904 오후	0
-20	202953.911 오후	0
-29	202953.917 오후	0
-14	202953.923 오후	0
10	202953.928 오후	0
21	202953.934 오후	0
6	202953.940 오후	0
-5	202953.946 오후	0
-6	202953.952 오후	0
2	202953.958 오후	0
-3	202953.963 오후	0
-20	202953.968 오후	0
-27	202953.994 오후	0
-14	202953.998 오후	0
0	202954.002 오후	0
10	202954.007 오후	0
11	202954.012 오후	0
1	202954.017 오후	0
11	202954.022 오후	0
24	202954.026 오후	0
13	202954.031 오후	0
9	202954.035 오후	0
4	202954.040 오후	0
-1	202954.044 오후	0
3	202954.049 오후	0
8	202954.054 오후	0
6	202954.059 오후	0
5	202954.063 오후	0
7	202954.067 오후	0
0	202954.072 오후	0
-21	202954.078 오후	0
-24	202954.082 오후	0
-11	202954.088 오후	0
-13	202954.092 오후	0
-38	202954.097 오후	0
-45	202954.101 오후	0
-53	202954.106 오후	0
-76	202954.111 오후	0
-84	202954.116 오후	0
-67	202954.121 오후	0
-37	202954.126 오후	0
-40	202954.135 오후	0
-57	202954.139 오후	0
-44	202954.144 오후	0
-34	202954.152 오후	0
-34	202954.159 오후	0
-27	202954.164 오후	0
0	202954.170 오후	0
10	202954.174 오후	0
6	202954.179 오후	0
17	202954.184 오후	0
38	202954.189 오후	0
52	202954.193 오후	0
50	202954.199 오후	0
19	202954.203 오후	0
-14	202954.210 오후	0
-35	202954.217 오후	0
-33	202954.225 오후	0
-2	202954.230 오후	0
25	202954.235 오후	0
33	202954.240 오후	0
32	202954.245 오후	0
25	202954.250 오후	0
37	202954.255 오후	0
57	202954.260 오후	0
50	202954.264 오후	0
27	202954.269 오후	0
14	202954.273 오후	0
5	202954.278 오후	0
7	202954.283 오후	0
20	202954.289 오후	0
25	202954.297 오후	0
27	202954.308 오후	0
41	202954.321 오후	0
53	202954.331 오후	0
52	202954.341 오후	0
43	202954.373 오후	0
35	202954.384 오후	0
36	202954.393 오후	0
55	202954.404 오후	0
76	202954.414 오후	0
73	202954.425 오후	0
61	202954.435 오후	0
56	202954.445 오후	0
57	202954.457 오후	0
55	202954.468 오후	0
59	202954.475 오후	0
64	202954.481 오후	0
44	202954.489 오후	0
26	202954.495 오후	0
33	202954.503 오후	0
27	202954.512 오후	0
19	202954.520 오후	0
6	202954.527 오후	0
14	202954.535 오후	0
22	202954.541 오후	0
8	202954.549 오후	0
-5	202954.556 오후	0
-1	202954.562 오후	0
-12	202954.570 오후	0
-38	202954.577 오후	0
-40	202954.584 오후	0
-20	202954.591 오후	0
-1	202954.598 오후	0
22	202954.605 오후	0
51	202954.612 오후	0
53	202954.620 오후	0
28	202954.628 오후	0
5	202954.637 오후	0
32	202954.644 오후	0
68	202954.651 오후	0
57	202954.658 오후	0
9	202954.665 오후	0
-18	202954.672 오후	0
-18	202954.679 오후	0
-2	202954.686 오후	0
11	202954.692 오후	0
14	202954.697 오후	0
12	202954.702 오후	0
19	202954.707 오후	0
12	202954.713 오후	0
-2	202954.718 오후	0
-9	202954.723 오후	0
5	202954.728 오후	0
20	202954.734 오후	0
11	202954.740 오후	0
6	202954.745 오후	0
16	202954.751 오후	0
36	202954.758 오후	0
42	202954.763 오후	0
23	202954.768 오후	0
12	202954.773 오후	0
13	202954.779 오후	0
8	202954.784 오후	0
16	202954.790 오후	0
42	202954.795 오후	0
48	202954.800 오후	0
24	202954.805 오후	0
4	202954.810 오후	0
3	202954.815 오후	0
34	202954.841 오후	0
60	202954.846 오후	0
73	202954.852 오후	0
74	202954.857 오후	0
69	202954.862 오후	0
50	202954.867 오후	0
41	202954.873 오후	0
50	202954.880 오후	0
61	202954.884 오후	0
57	202954.891 오후	0
49	202954.896 오후	0
33	202954.902 오후	0
2	202954.907 오후	0
-13	202954.912 오후	0
2	202954.917 오후	0
26	202954.923 오후	0
43	202954.928 오후	0
57	202954.933 오후	0
41	202954.939 오후	0
23	202954.943 오후	0
24	202954.950 오후	0	1
48	202954.955 오후	0
45	202954.961 오후	0
9	202954.966 오후	0
-2	202954.972 오후	0
24	202954.976 오후	0
49	202954.982 오후	0
37	202954.987 오후	0
19	202954.992 오후	0
7	202954.997 오후	0
13	202955.003 오후	0
27	202955.007 오후	0
27	202955.013 오후	0
27	202955.018 오후	0
35	202955.023 오후	0
58	202955.029 오후	0
86	202955.034 오후	0
84	202955.038 오후	0
55	202955.045 오후	0
42	202955.051 오후	0
49	202955.056 오후	0
38	202955.062 오후	0
-14	202955.068 오후	0
-46	202955.073 오후	0
-11	202955.078 오후	0
49	202955.084 오후	0
69	202955.089 오후	0
51	202955.094 오후	0
33	202955.101 오후	0
54	202955.106 오후	0
88	202955.111 오후	0
85	202955.117 오후	0
42	202955.122 오후	0
-14	202955.127 오후	0
-40	202955.137 오후	0
-41	202955.142 오후	0
-76	202955.150 오후	0
-105	202955.157 오후	0
-99	202955.163 오후	0
-90	202955.168 오후	0
-95	202955.174 오후	0
-123	202955.179 오후	0
-128	202955.185 오후	0
-88	202955.190 오후	0
-60	202955.216 오후	0
-39	202955.222 오후	0
-3	202955.227 오후	0
26	202955.233 오후	0
28	202955.238 오후	0
5	202955.244 오후	0
-22	202955.249 오후	0
-24	202955.254 오후	0
5	202955.262 오후	0
32	202955.267 오후	0
23	202955.273 오후	0
12	202955.278 오후	0
18	202955.284 오후	0
28	202955.289 오후	0
65	202955.295 오후	0
93	202955.300 오후	0
88	202955.306 오후	0
74	202955.316 오후	0
56	202955.328 오후	0
54	202955.341 오후	0
69	202955.353 오후	0
86	202955.364 오후	0
93	202955.376 오후	0
102	202955.388 오후	0
75	202955.399 오후	0
49	202955.406 오후	0
38	202955.413 오후	0
41	202955.420 오후	0
44	202955.427 오후	0
32	202955.439 오후	0
11	202955.450 오후	0
-6	202955.461 오후	0
-18	202955.473 오후	0
-20	202955.486 오후	0
-14	202955.497 오후	0
-1	202955.509 오후	0
49	202955.521 오후	0
91	202955.533 오후	0
107	202955.544 오후	0
96	202955.557 오후	0
90	202955.568 오후	0
105	202955.579 오후	0
103	202955.587 오후	0
75	202955.594 오후	0
45	202955.601 오후	0
26	202955.609 오후	0
20	202955.616 오후	0
33	202955.623 오후	0
50	202955.630 오후	0
51	202955.637 오후	0
50	202955.644 오후	0
49	202955.652 오후	0
44	202955.659 오후	0
54	202955.666 오후	0
48	202955.674 오후	0
26	202955.681 오후	0
25	202955.688 오후	0
53	202955.695 오후	0
81	202955.703 오후	0
97	202955.710 오후	0
118	202955.718 오후	0
121	202955.725 오후	0
108	202955.732 오후	0
106	202955.740 오후	0
122	202955.768 오후	0
121	202955.775 오후	0
97	202955.783 오후	0
69	202955.790 오후	0
46	202955.797 오후	0
33	202955.805 오후	0
40	202955.812 오후	0
60	202955.820 오후	0
82	202955.827 오후	0
104	202955.834 오후	0
154	202955.841 오후	0
176	202955.849 오후	0
131	202955.856 오후	0
75	202955.863 오후	0
61	202955.872 오후	0
70	202955.879 오후	0
87	202955.887 오후	0
88	202955.894 오후	0
72	202955.901 오후	0
38	202955.908 오후	0
8	202955.916 오후	0
36	202955.926 오후	0
70	202955.934 오후	0
105	202955.941 오후	0
135	202955.949 오후	0
89	202955.956 오후	0
23	202955.963 오후	0
10	202955.971 오후	0
13	202955.978 오후	0
11	202955.986 오후	0
24	202955.993 오후	0
7	202956.000 오후	0
-39	202956.005 오후	0
-60	202956.012 오후	0
-76	202956.018 오후	0
-86	202956.023 오후	0
-61	202956.029 오후	0
-36	202956.035 오후	0
-34	202956.040 오후	0
-44	202956.045 오후	0
-44	202956.051 오후	0
-35	202956.056 오후	0
-13	202956.061 오후	0
-17	202956.067 오후	0
-28	202956.075 오후	0
-29	202956.081 오후	0
-19	202956.086 오후	0
-4	202956.092 오후	0
6	202956.098 오후	0
9	202956.103 오후	0
20	202956.109 오후	0
48	202956.115 오후	0
67	202956.120 오후	0
66	202956.128 오후	0
33	202956.140 오후	0
8	202956.145 오후	1
17	202956.151 오후	1
17	202956.157 오후	1
11	202956.163 오후	1
8	202956.169 오후	1
7	202956.195 오후	1
18	202956.202 오후	1
27	202956.207 오후	1
41	202956.213 오후	1
55	202956.219 오후	1
57	202956.225 오후	1
56	202956.231 오후	1
65	202956.237 오후	1
80	202956.243 오후	1
89	202956.249 오후	1
87	202956.255 오후	1
78	202956.261 오후	1
81	202956.267 오후	1
73	202956.273 오후	1
35	202956.279 오후	1
16	202956.285 오후	1
25	202956.291 오후	1
49	202956.297 오후	1
51	202956.307 오후	1
35	202956.320 오후	1
23	202956.331 오후	1
27	202956.339 오후	1
21	202956.347 오후	1
22	202956.354 오후	1
48	202956.363 오후	1
58	202956.377 오후	1
55	202956.390 오후	1
53	202956.403 오후	1
59	202956.416 오후	1
89	202956.425 오후	1
135	202956.433 오후	1
151	202956.440 오후	1
123	202956.448 오후	1
106	202956.455 오후	1
133	202956.463 오후	1
187	202956.471 오후	1
218	202956.479 오후	1
209	202956.487 오후	1
203	202956.494 오후	1
220	202956.502 오후	1
254	202956.510 오후	1
284	202956.529 오후	1
297	202956.547 오후	1
277	202956.560 오후	1	1
268	202956.566 오후	1
266	202956.572 오후	1
262	202956.578 오후	1
259	202956.585 오후	1
258	202956.591 오후	1
258	202956.597 오후	1
258	202956.603 오후	1
257	202956.609 오후	1
247	202956.616 오후	1
256	202956.622 오후	1
259	202956.628 오후	1
253	202956.634 오후	1
251	202956.641 오후	1
253	202956.647 오후	1
247	202956.652 오후	1
235	202956.659 오후	1
215	202956.664 오후	1
211	202956.670 오후	1
210	202956.676 오후	1
208	202956.683 오후	1
208	202956.709 오후	1
199	202956.716 오후	1
192	202956.730 오후	1
178	202956.746 오후	1
173	202956.758 오후	1
183	202956.769 오후	1
195	202956.779 오후	1
204	202956.790 오후	1
199	202956.802 오후	1
173	202956.814 오후	1
156	202956.825 오후	1
153	202956.837 오후	1
140	202956.848 오후	1
128	202956.859 오후	1
100	202956.870 오후	1
75	202956.877 오후	1
107	202956.886 오후	1
164	202956.893 오후	1
171	202956.899 오후	1
138	202956.907 오후	1
116	202956.915 오후	1
116	202956.922 오후	1
119	202956.929 오후	1
116	202956.936 오후	1
92	202956.942 오후	1
88	202956.948 오후	1
114	202956.954 오후	1
133	202956.961 오후	1
109	202956.967 오후	1
74	202956.974 오후	1
58	202956.980 오후	1
59	202956.986 오후	1
57	202956.993 오후	1
45	202956.998 오후	1
28	202957.005 오후	1
26	202957.012 오후	1
27	202957.018 오후	1
27	202957.024 오후	1
25	202957.030 오후	1
1	202957.037 오후	1
-25	202957.043 오후	1
-31	202957.049 오후	1
-22	202957.056 오후	1
-27	202957.062 오후	1
-40	202957.069 오후	1
-31	202957.075 오후	1
-25	202957.082 오후	1
-28	202957.088 오후	1
-25	202957.094 오후	1
-10	202957.100 오후	1
-9	202957.107 오후	1
-24	202957.113 오후	1
-34	202957.126 오후	1
-44	202957.133 오후	1
-42	202957.139 오후	1
-17	202957.145 오후	1
-6	202957.152 오후	1
-35	202957.158 오후	1
-52	202957.165 오후	1
-38	202957.171 오후	1
-38	202957.177 오후	1
-62	202957.184 오후	1
-72	202957.190 오후	1
-58	202957.196 오후	1
-43	202957.232 오후	1
-52	202957.246 오후	1
-54	202957.261 오후	1
-52	202957.276 오후	1
-57	202957.290 오후	1
-53	202957.299 오후	1
-57	202957.309 오후	1
-76	202957.318 오후	1
-90	202957.324 오후	1
-92	202957.331 오후	1
-86	202957.337 오후	1
-72	202957.343 오후	1
-52	202957.350 오후	1
-38	202957.356 오후	1
-25	202957.363 오후	1
1	202957.370 오후	1
18	202957.376 오후	1
8	202957.383 오후	1
-2	202957.389 오후	1
-4	202957.395 오후	1
-21	202957.402 오후	1
-41	202957.408 오후	1
-40	202957.415 오후	1
-33	202957.422 오후	1
-24	202957.428 오후	1
-37	202957.434 오후	1
-46	202957.441 오후	1
-20	202957.447 오후	1
21	202957.454 오후	1
43	202957.461 오후	1
28	202957.467 오후	1
22	202957.474 오후	1
67	202957.480 오후	1
118	202957.487 오후	1
117	202957.493 오후	1
69	202957.500 오후	1
28	202957.507 오후	1
24	202957.514 오후	1
28	202957.521 오후	1
35	202957.527 오후	1
61	202957.534 오후	1
97	202957.541 오후	1
112	202957.547 오후	1
99	202957.554 오후	1
81	202957.560 오후	1
72	202957.567 오후	1
73	202957.573 오후	1
68	202957.580 오후	1
56	202957.586 오후	1
45	202957.592 오후	1
43	202957.599 오후	1
52	202957.605 오후	1
54	202957.611 오후	1
42	202957.618 오후	1
33	202957.624 오후	1
30	202957.629 오후	1
26	202957.636 오후	1
20	202957.644 오후	1	1
22	202957.651 오후	1
22	202957.657 오후	1
24	202957.664 오후	1
21	202957.671 오후	1
32	202957.678 오후	1
45	202957.685 오후	1
48	202957.712 오후	1
25	202957.719 오후	1
3	202957.726 오후	1
-17	202957.732 오후	1
-22	202957.739 오후	1
-17	202957.746 오후	1
-25	202957.752 오후	1
-33	202957.759 오후	1
-27	202957.766 오후	1
-18	202957.773 오후	1
0	202957.779 오후	1
12	202957.786 오후	1
7	202957.792 오후	1
-4	202957.800 오후	1
-5	202957.805 오후	1
-6	202957.812 오후	1
-6	202957.819 오후	1
-4	202957.826 오후	1
-8	202957.833 오후	1
-8	202957.839 오후	1
-8	202957.846 오후	1
7	202957.853 오후	1
23	202957.860 오후	1
19	202957.866 오후	1
7	202957.873 오후	1
19	202957.880 오후	1
27	202957.887 오후	1
34	202957.893 오후	1
40	202957.901 오후	1
49	202957.910 오후	1
41	202957.917 오후	1
38	202957.924 오후	1
45	202957.931 오후	1
58	202957.937 오후	1
70	202957.944 오후	1
58	202957.951 오후	1
41	202957.958 오후	1
42	202957.966 오후	1
49	202957.972 오후	1
37	202957.979 오후	1
25	202957.986 오후	1
9	202957.993 오후	1
10	202958.001 오후	1
6	202958.008 오후	1
-6	202958.014 오후	1
-6	202958.021 오후	1
0	202958.028 오후	1
12	202958.035 오후	1
28	202958.042 오후	1
49	202958.049 오후	1
52	202958.056 오후	1
59	202958.063 오후	1
69	202958.069 오후	1
55	202958.077 오후	1
42	202958.084 오후	1
43	202958.089 오후	1
50	202958.096 오후	1
49	202958.104 오후	1
44	202958.111 오후	1
37	202958.118 오후	1
38	202958.125 오후	1
51	202958.139 오후	1
61	202958.145 오후	0
53	202958.152 오후	0
44	202958.181 오후	0
34	202958.188 오후	0
27	202958.203 오후	0
44	202958.218 오후	0
57	202958.234 오후	0
50	202958.250 오후	0
43	202958.267 오후	0
30	202958.283 오후	0
32	202958.299 오후	0
36	202958.312 오후	0
23	202958.322 오후	0
25	202958.332 오후	0
68	202958.342 오후	0
102	202958.352 오후	0
93	202958.362 오후	0
75	202958.372 오후	0
57	202958.382 오후	0
58	202958.392 오후	0
66	202958.400 오후	0
60	202958.408 오후	0
52	202958.414 오후	0
66	202958.421 오후	0
82	202958.428 오후	0
64	202958.435 오후	0
27	202958.442 오후	0
28	202958.450 오후	0
57	202958.458 오후	0
64	202958.466 오후	0
35	202958.472 오후	0
10	202958.479 오후	0
5	202958.485 오후	0
11	202958.493 오후	0
9	202958.501 오후	0
5	202958.508 오후	0
11	202958.515 오후	0
21	202958.522 오후	0
19	202958.529 오후	0
24	202958.536 오후	0
27	202958.543 오후	0
23	202958.549 오후	0
28	202958.556 오후	0
65	202958.563 오후	0
76	202958.570 오후	0
52	202958.577 오후	0
40	202958.591 오후	0
36	202958.606 오후	0
36	202958.616 오후	0
58	202958.625 오후	0
83	202958.635 오후	0
72	202958.643 오후	0
48	202958.652 오후	0
41	202958.662 오후	0
68	202958.671 오후	0
90	202958.679 오후	0
91	202958.688 오후	0
81	202958.698 오후	0
70	202958.707 오후	0
67	202958.716 오후	0
61	202958.726 오후	0
58	202958.735 오후	0
64	202958.744 오후	0
56	202958.753 오후	0
42	202958.762 오후	0
44	202958.771 오후	0
57	202958.802 오후	0
69	202958.810 오후	0
84	202958.820 오후	0
106	202958.828 오후	0
114	202958.837 오후	0
86	202958.847 오후	0
64	202958.856 오후	0
53	202958.867 오후	0
37	202958.879 오후	0
36	202958.888 오후	0
53	202958.898 오후	0
56	202958.907 오후	0
42	202958.914 오후	0
34	202958.922 오후	0
56	202958.929 오후	0
83	202958.935 오후	0
81	202958.943 오후	0
82	202958.950 오후	0
94	202958.957 오후	0
94	202958.964 오후	0
106	202958.971 오후	0
109	202958.977 오후	0
97	202958.984 오후	0
81	202958.991 오후	0
58	202958.998 오후	0
43	202959.005 오후	0
48	202959.012 오후	0
48	202959.019 오후	0
52	202959.025 오후	0
53	202959.032 오후	0
50	202959.039 오후	0
57	202959.045 오후	0
72	202959.052 오후	0
71	202959.059 오후	0
62	202959.066 오후	0
51	202959.073 오후	0
36	202959.081 오후	0
34	202959.088 오후	0
25	202959.104 오후	0
4	202959.120 오후	0
-21	202959.151 오후	0
-30	202959.166 오후	0
0	202959.179 오후	0
57	202959.189 오후	0
100	202959.199 오후	0
86	202959.209 오후	0
59	202959.224 오후	0
58	202959.240 오후	0
85	202959.255 오후	0
91	202959.272 오후	0
84	202959.288 오후	0
69	202959.302 오후	0
42	202959.311 오후	0
19	202959.321 오후	0
16	202959.332 오후	0
37	202959.348 오후	0
56	202959.364 오후	0
66	202959.380 오후	0
70	202959.395 오후	0
50	202959.411 오후	0
26	202959.427 오후	0
26	202959.442 오후	0
48	202959.459 오후	0
71	202959.477 오후	0
89	202959.513 오후	0
87	202959.530 오후	0
76	202959.549 오후	0
64	202959.571 오후	0
56	202959.590 오후	0
58	202959.607 오후	0
59	202959.621 오후	0
54	202959.635 오후	0
29	202959.645 오후	0
23	202959.654 오후	0
29	202959.664 오후	0
37	202959.673 오후	0
44	202959.683 오후	0
56	202959.693 오후	0
57	202959.702 오후	0
54	202959.710 오후	0
44	202959.719 오후	0
48	202959.729 오후	0
53	202959.740 오후	0
73	202959.751 오후	0
97	202959.758 오후	0
109	202959.768 오후	0
115	202959.777 오후	0
118	202959.787 오후	0
112	202959.796 오후	0
101	202959.803 오후	0
106	202959.813 오후	0
129	202959.821 오후	0
133	202959.829 오후	0
113	202959.840 오후	0
92	202959.850 오후	0
82	202959.857 오후	0
85	202959.864 오후	0
83	202959.871 오후	0
68	202959.880 오후	0
71	202959.890 오후	0
96	202959.898 오후	0
107	202959.907 오후	0
90	202959.914 오후	0
69	202959.922 오후	0
58	202959.930 오후	0
70	202959.938 오후	0
76	202959.945 오후	0
74	202959.952 오후	0
74	202959.960 오후	0
82	202959.968 오후	0
73	202959.975 오후	0
44	202959.983 오후	0
19	202959.990 오후	0
26	202959.998 오후	0
50	203000.008 오후	0
67	203000.019 오후	0
64	203000.028 오후	0
53	203000.036 오후	0
40	203000.046 오후	0
49	203000.053 오후	0
78	203000.061 오후	0
88	203000.072 오후	0
89	203000.084 오후	0
103	203000.091 오후	0
116	203000.099 오후	0
101	203000.110 오후	0
77	203000.117 오후	0
88	203000.133 오후	0
115	203000.161 오후	0
131	203000.169 오후	0
140	203000.176 오후	0
136	203000.185 오후	0
119	203000.192 오후	0
106	203000.200 오후	0
90	203000.208 오후	0
93	203000.216 오후	0
76	203000.223 오후	0
57	203000.232 오후	0
55	203000.239 오후	0
75	203000.247 오후	0
112	203000.254 오후	0
131	203000.262 오후	0
120	203000.270 오후	0
109	203000.277 오후	0
112	203000.287 오후	0
112	203000.298 오후	0
120	203000.306 오후	0
134	203000.315 오후	0
133	203000.322 오후	0
112	203000.330 오후	0
85	203000.337 오후	0
73	203000.345 오후	0
80	203000.355 오후	0
98	203000.362 오후	0
103	203000.370 오후	0
98	203000.380 오후	0
86	203000.387 오후	0
89	203000.395 오후	0
114	203000.402 오후	0
129	203000.415 오후	0
116	203000.422 오후	0
101	203000.430 오후	0
100	203000.438 오후	0
100	203000.446 오후	0
103	203000.453 오후	0
116	203000.462 오후	0
120	203000.470 오후	0
119	203000.478 오후	0
125	203000.486 오후	0
128	203000.496 오후	0
113	203000.504 오후	0
97	203000.512 오후	0
81	203000.519 오후	0
72	203000.527 오후	0
83	203000.535 오후	0
104	203000.543 오후	0
104	203000.550 오후	0
85	203000.558 오후	0
72	203000.566 오후	0
59	203000.575 오후	0
48	203000.583 오후	0
51	203000.590 오후	0
69	203000.598 오후	0
77	203000.608 오후	0
87	203000.615 오후	0
91	203000.622 오후	0
71	203000.630 오후	0
44	203000.658 오후	0
33	203000.666 오후	0
34	203000.673 오후	0
32	203000.681 오후	0
24	203000.689 오후	0
19	203000.698 오후	0
24	203000.708 오후	0
34	203000.716 오후	0
45	203000.725 오후	0
60	203000.734 오후	0
58	203000.743 오후	0
52	203000.751 오후	0
27	203000.763 오후	0
19	203000.771 오후	0
43	203000.779 오후	0
68	203000.788 오후	0
69	203000.797 오후	0
66	203000.805 오후	0
57	203000.813 오후	0
58	203000.823 오후	0
71	203000.832 오후	0
81	203000.840 오후	0
72	203000.848 오후	0
55	203000.856 오후	0
49	203000.866 오후	0
49	203000.875 오후	0
66	203000.884 오후	0
70	203000.891 오후	0
64	203000.901 오후	0
58	203000.909 오후	0
68	203000.917 오후	0
65	203000.925 오후	0
70	203000.936 오후	0
86	203000.943 오후	0
98	203000.952 오후	0
101	203000.960 오후	0
91	203000.970 오후	0
86	203000.978 오후	0
81	203000.986 오후	0
80	203000.996 오후	0
80	203001.005 오후	0
85	203001.012 오후	0
85	203001.023 오후	0
73	203001.031 오후	0
59	203001.039 오후	0
71	203001.048 오후	0
93	203001.056 오후	0
95	203001.064 오후	0
71	203001.072 오후	0
22	203001.081 오후	0
25	203001.089 오후	0
33	203001.098 오후	0
49	203001.108 오후	0
67	203001.116 오후	0
70	203001.124 오후	0
73	203001.142 오후	0
94	203001.153 오후	0
109	203001.162 오후	0
100	203001.170 오후	0
75	203001.178 오후	0
72	203001.187 오후	0
75	203001.194 오후	0
84	203001.202 오후	0
87	203001.210 오후	0
86	203001.239 오후	0
75	203001.248 오후	0
70	203001.256 오후	0
82	203001.265 오후	0
90	203001.273 오후	0
82	203001.284 오후	0
65	203001.291 오후	0
50	203001.301 오후	0
48	203001.309 오후	0
40	203001.317 오후	0
44	203001.326 오후	0
60	203001.336 오후	0
60	203001.344 오후	0
50	203001.353 오후	0
59	203001.361 오후	0
88	203001.369 오후	0
104	203001.377 오후	0
88	203001.385 오후	0
76	203001.393 오후	0
73	203001.402 오후	0
58	203001.410 오후	0
54	203001.418 오후	0
51	203001.426 오후	0
44	203001.434 오후	0
27	203001.443 오후	0
8	203001.451 오후	0
10	203001.458 오후	0
36	203001.476 오후	0
69	203001.493 오후	0
76	203001.511 오후	0
48	203001.530 오후	0
26	203001.547 오후	0
25	203001.564 오후	0
27	203001.583 오후	0
19	203001.600 오후	0
11	203001.617 오후	0
9	203001.635 오후	0
16	203001.653 오후	0
40	203001.671 오후	0
80	203001.688 오후	0
106	203001.703 오후	0
106	203001.714 오후	0
98	203001.725 오후	0
87	203001.735 오후	0
84	203001.746 오후	0
4	203001.757 오후	0
16	203001.767 오후	0
35	203001.778 오후	0
45	203001.789 오후	0
35	203001.799 오후	0
9	203001.809 오후	0
-13	203001.820 오후	0
-5	203001.828 오후	0
11	203001.836 오후	0
4	203001.844 오후	0
-18	203001.853 오후	0
-12	203001.862 오후	0
-5	203001.870 오후	0
0	203001.878 오후	0
0	203001.887 오후	0
4	203001.895 오후	0
2	203001.903 오후	0
2	203001.911 오후	0
-3	203001.919 오후	0
-17	203001.960 오후	0
-12	203001.980 오후	0
3	203001.999 오후	0
24	203002.010 오후	0
10	203002.022 오후	0
-10	203002.033 오후	0
-1	203002.041 오후	0
22	203002.050 오후	0
14	203002.058 오후	0
-3	203002.066 오후	0
-7	203002.074 오후	0
-1	203002.082 오후	0
16	203002.091 오후	0
11	203002.099 오후	0
1	203002.108 오후	0
-2	203002.126 오후	0
-1	203002.135 오후	0
-1	203002.143 오후	0
-11	203002.153 오후	0
-19	203002.161 오후	0
-3	203002.173 오후	0
23	203002.181 오후	0
32	203002.190 오후	0
35	203002.198 오후	0
38	203002.206 오후	0
52	203002.215 오후	0
75	203002.224 오후	0
92	203002.232 오후	0
93	203002.241 오후	0
99	203002.249 오후	0
102	203002.257 오후	0
86	203002.266 오후	0
65	203002.274 오후	0
51	203002.283 오후	0
39	203002.292 오후	0
41	203002.300 오후	0
66	203002.309 오후	0
82	203002.317 오후	0
72	203002.326 오후	0
68	203002.334 오후	0
76	203002.342 오후	0
94	203002.352 오후	0
92	203002.360 오후	0
82	203002.369 오후	0
81	203002.377 오후	0
67	203002.385 오후	0
51	203002.401 오후	0
55	203002.419 오후	0
80	203002.430 오후	0
91	203002.441 오후	0
72	203002.453 오후	0
-18	203002.464 오후	0
-6	203002.474 오후	0
6	203002.486 오후	0
12	203002.496 오후	0
9	203002.507 오후	0
20	203002.518 오후	0
49	203002.530 오후	0
56	203002.540 오후	0
36	203002.552 오후	0
26	203002.563 오후	0
26	203002.581 오후	0
24	203002.606 오후	0
11	203002.631 오후	0
-2	203002.676 오후	0
-20	203002.697 오후	0
-21	203002.712 오후	0
-3	203002.728 오후	0
10	203002.744 오후	0
12	203002.760 오후	0
20	203002.776 오후	0
26	203002.787 오후	0
21	203002.796 오후	0
8	203002.807 오후	0
9	203002.817 오후	0
18	203002.827 오후	0
11	203002.837 오후	0
6	203002.846 오후	0
-9	203002.856 오후	0
-24	203002.865 오후	0
-17	203002.873 오후	0
10	203002.881 오후	0
39	203002.890 오후	0
71	203002.900 오후	0
80	203002.909 오후	0
71	203002.917 오후	0
66	203002.925 오후	0
65	203002.933 오후	0
72	203002.941 오후	0
85	203002.949 오후	0
81	203002.957 오후	0
57	203002.966 오후	0
33	203002.974 오후	0
34	203002.982 오후	0
46	203002.990 오후	0
49	203002.999 오후	0
26	203003.007 오후	0
5	203003.015 오후	0
2	203003.023 오후	0
-8	203003.032 오후	0
-18	203003.040 오후	0
-30	203003.048 오후	0
-12	203003.056 오후	0
9	203003.065 오후	0
19	203003.073 오후	0
13	203003.083 오후	0
184	203003.092 오후	0
217	203003.100 오후	0
213	203003.109 오후	0
192	203003.126 오후	0
189	203003.136 오후	0
217	203003.144 오후	0
261	203003.153 오후	0
272	203003.162 오후	0
251	203003.171 오후	0
265	203003.180 오후	0
304	203003.189 오후	0
315	203003.198 오후	0
305	203003.207 오후	0
277	203003.216 오후	0
256	203003.225 오후	0
261	203003.234 오후	0
277	203003.242 오후	0
250	203003.251 오후	0
194	203003.280 오후	0
167	203003.289 오후	0
184	203003.298 오후	0
199	203003.307 오후	0
183	203003.316 오후	0
160	203003.325 오후	0
147	203003.334 오후	0
121	203003.342 오후	0
90	203003.351 오후	0
80	203003.360 오후	0
82	203003.369 오후	0
80	203003.378 오후	0
71	203003.386 오후	0
54	203003.395 오후	0
34	203003.404 오후	0
36	203003.414 오후	0
35	203003.422 오후	0
19	203003.431 오후	0
10	203003.440 오후	0
20	203003.449 오후	0
17	203003.458 오후	0
0	203003.467 오후	0
-17	203003.475 오후	0
-29	203003.484 오후	0
-50	203003.493 오후	0
-62	203003.502 오후	0
-63	203003.511 오후	0
-65	203003.520 오후	0
-73	203003.529 오후	0
-61	203003.538 오후	0
-37	203003.548 오후	0
-22	203003.556 오후	0
-14	203003.565 오후	0
-22	203003.574 오후	0
-28	203003.583 오후	0
-21	203003.592 오후	0
-28	203003.601 오후	0
-41	203003.610 오후	0
-35	203003.619 오후	0
-39	203003.627 오후	0
-60	203003.637 오후	0
-73	203003.646 오후	0
41	203003.655 오후	0
48	203003.664 오후	0
65	203003.673 오후	0
64	203003.682 오후	0
54	203003.691 오후	0
57	203003.700 오후	0
80	203003.709 오후	0
87	203003.718 오후	0
85	203003.727 오후	0
100	203003.736 오후	0
120	203003.744 오후	0
121	203003.753 오후	0
106	203003.762 오후	0
89	203003.771 오후	0
81	203003.780 오후	0
70	203003.789 오후	0
68	203003.798 오후	0
81	203003.807 오후	0
89	203003.816 오후	0
89	203003.825 오후	0
74	203003.834 오후	0
56	203003.843 오후	0
50	203003.883 오후	0
54	203003.902 오후	0
69	203003.921 오후	0
72	203003.933 오후	0
91	203003.944 오후	0
106	203003.956 오후	0
98	203003.967 오후	0
91	203003.979 오후	0
75	203003.988 오후	0
55	203003.997 오후	0
49	203004.006 오후	0
67	203004.015 오후	0
71	203004.023 오후	0
55	203004.033 오후	0
60	203004.042 오후	0
62	203004.051 오후	0
48	203004.060 오후	0
60	203004.070 오후	0
102	203004.079 오후	0
117	203004.088 오후	0
115	203004.097 오후	0
101	203004.106 오후	0
90	203004.115 오후	0
102	203004.125 오후	0
117	203004.144 오후	0
130	203004.153 오후	0
135	203004.163 오후	0
140	203004.172 오후	0
133	203004.181 오후	0
108	203004.190 오후	0
101	203004.199 오후	0
144	203004.208 오후	0
188	203004.218 오후	0
184	203004.227 오후	0
140	203004.236 오후	0
106	203004.245 오후	0
105	203004.254 오후	0
129	203004.264 오후	0
132	203004.273 오후	0
96	203004.282 오후	0
65	203004.291 오후	0
54	203004.300 오후	0
56	203004.309 오후	0
80	203004.319 오후	0
97	203004.328 오후	0
102	203004.337 오후	0
100	203004.347 오후	0
87	203004.356 오후	0
141	203004.365 오후	0
100	203004.374 오후	0
84	203004.384 오후	0
105	203004.393 오후	0
145	203004.402 오후	0
157	203004.411 오후	0
136	203004.421 오후	0
108	203004.430 오후	0
99	203004.440 오후	0
110	203004.449 오후	0
129	203004.458 오후	0
134	203004.468 오후	0
123	203004.477 오후	0
115	203004.486 오후	0
91	203004.516 오후	0
58	203004.536 오후	0
36	203004.559 오후	0
48	203004.580 오후	0
58	203004.594 오후	0
40	203004.607 오후	0
17	203004.621 오후	0
32	203004.634 오후	0
56	203004.645 오후	0
65	203004.654 오후	0
58	203004.664 오후	0
50	203004.673 오후	0
82	203004.683 오후	0
122	203004.692 오후	0
115	203004.702 오후	0
87	203004.711 오후	0
88	203004.720 오후	0
97	203004.730 오후	0
105	203004.739 오후	0
108	203004.749 오후	0
84	203004.759 오후	0
61	203004.768 오후	0
67	203004.778 오후	0
99	203004.787 오후	0
120	203004.797 오후	0
117	203004.806 오후	0
100	203004.816 오후	0
87	203004.825 오후	0
83	203004.835 오후	0
76	203004.845 오후	0
84	203004.855 오후	0
107	203004.865 오후	0
107	203004.875 오후	0
87	203004.884 오후	0
70	203004.894 오후	0
56	203004.903 오후	0
71	203004.912 오후	0
125	203004.921 오후	0
180	203004.932 오후	0
195	203004.946 오후	0
176	203004.966 오후	0
160	203004.979 오후	0
163	203004.991 오후	0
172	203005.003 오후	0
180	203005.016 오후	0
118	203005.028 오후	0
136	203005.040 오후	0
144	203005.053 오후	0
146	203005.064 오후	0
141	203005.074 오후	0
151	203005.083 오후	0
156	203005.093 오후	0
149	203005.102 오후	0
124	203005.112 오후	0
102	203005.137 오후	0
87	203005.147 오후	0
74	203005.157 오후	0
60	203005.166 오후	0
59	203005.176 오후	0
88	203005.186 오후	0
111	203005.195 오후	0
117	203005.205 오후	0
115	203005.216 오후	0
112	203005.226 오후	0
112	203005.256 오후	0
108	203005.265 오후	0
75	203005.287 오후	0
51	203005.308 오후	0
41	203005.323 오후	0
68	203005.339 오후	0
100	203005.355 오후	0
90	203005.367 오후	0
53	203005.377 오후	0
54	203005.387 오후	0
80	203005.397 오후	0
120	203005.407 오후	0
134	203005.417 오후	0
107	203005.426 오후	0
96	203005.436 오후	0
102	203005.446 오후	0
103	203005.455 오후	0
77	203005.465 오후	0
44	203005.475 오후	0
35	203005.485 오후	0
51	203005.495 오후	0
72	203005.504 오후	0
94	203005.514 오후	0
122	203005.523 오후	0
136	203005.533 오후	0
158	203005.547 오후	0
187	203005.568 오후	0
198	203005.581 오후	0
204	203005.594 오후	0
209	203005.606 오후	0
214	203005.619 오후	0
219	203005.631 오후	0
236	203005.640 오후	0
252	203005.650 오후	0
281	203005.659 오후	0
274	203005.669 오후	0
240	203005.679 오후	0
230	203005.689 오후	0
258	203005.698 오후	0
285	203005.708 오후	0
289	203005.718 오후	0
279	203005.727 오후	0
279	203005.737 오후	0
288	203005.748 오후	0
284	203005.757 오후	0
273	203005.766 오후	0
259	203005.775 오후	0
256	203005.785 오후	0
289	203005.795 오후	0
306	203005.804 오후	0
294	203005.820 오후	0
-58	203005.842 오후	0
-60	203005.864 오후	0
-49	203005.886 오후	0
-68	203005.903 오후	0
-93	203005.916 오후	0
-86	203005.929 오후	0
-82	203005.938 오후	0
-105	203005.948 오후	0
-136	203005.958 오후	0
-151	203005.967 오후	0
-136	203005.977 오후	0
-117	203005.986 오후	0
-115	203005.996 오후	0
-106	203006.028 오후	0
-118	203006.037 오후	0
-179	203006.047 오후	0
-230	203006.057 오후	0
-230	203006.067 오후	0
-193	203006.078 오후	0
-117	203006.088 오후	0
-66	203006.098 오후	0
-72	203006.108 오후	0
-89	203006.118 오후	0
-83	203006.141 오후	0
-56	203006.153 오후	0
-40	203006.164 오후	0
-51	203006.173 오후	0
-99	203006.184 오후	0
-153	203006.193 오후	0
-172	203006.203 오후	0
-149	203006.214 오후	0
-103	203006.224 오후	0
-83	203006.234 오후	0
-102	203006.244 오후	0
-113	203006.254 오후	0
-114	203006.264 오후	0
-132	203006.274 오후	0
-163	203006.284 오후	0
-180	203006.294 오후	0
-175	203006.305 오후	0
-165	203006.315 오후	0
-161	203006.325 오후	0
-155	203006.336 오후	0
-135	203006.346 오후	0
-113	203006.356 오후	0
-107	203006.366 오후	0
-111	203006.376 오후	0
-114	203006.386 오후	0
-105	203006.396 오후	0
-73	203006.406 오후	0
-69	203006.416 오후	0
-68	203006.426 오후	0
-59	203006.436 오후	0
-59	203006.456 오후	0
-65	203006.474 오후	0
-72	203006.487 오후	0
-84	203006.500 오후	0
-85	203006.513 오후	0
-74	203006.526 오후	0
23	203006.536 오후	0
28	203006.547 오후	0
39	203006.556 오후	0
37	203006.567 오후	0
23	203006.576 오후	0
10	203006.586 오후	0
0	203006.597 오후	0
8	203006.607 오후	0
27	203006.617 오후	0
42	203006.626 오후	0
53	203006.637 오후	0
65	203006.647 오후	0
50	203006.658 오후	0
11	203006.668 오후	0
-6	203006.679 오후	0
-13	203006.689 오후	0
-21	203006.699 오후	0
-33	203006.709 오후	0
-40	203006.739 오후	0
-33	203006.762 오후	0
-20	203006.777 오후	0
2	203006.790 오후	0
4	203006.804 오후	0
-4	203006.817 오후	0
-22	203006.831 오후	0
-38	203006.853 오후	0
-36	203006.869 오후	0
-21	203006.882 오후	0
3	203006.894 오후	0
19	203006.904 오후	0
18	203006.914 오후	0
25	203006.924 오후	0
55	203006.934 오후	0
76	203006.944 오후	0
72	203006.954 오후	0
65	203006.965 오후	0
66	203006.975 오후	0
89	203006.986 오후	0
103	203006.996 오후	0
97	203007.006 오후	0
75	203007.026 오후	0
65	203007.044 오후	0
67	203007.057 오후	0
68	203007.070 오후	0
67	203007.080 오후	0
48	203007.090 오후	0
0	203007.100 오후	0
-24	203007.110 오후	0
-23	203007.119 오후	0
-25	203007.141 오후	0
-26	203007.152 오후	0
-18	203007.163 오후	0
-9	203007.173 오후	0
-9	203007.182 오후	0
-18	203007.192 오후	0
-22	203007.202 오후	0
-25	203007.212 오후	0
-5	203007.222 오후	0
33	203007.233 오후	0
61	203007.243 오후	0
66	203007.253 오후	0
89	203007.264 오후	0
110	203007.274 오후	0
114	203007.285 오후	0
114	203007.296 오후	0
106	203007.306 오후	0
78	203007.317 오후	0
48	203007.327 오후	0
28	203007.337 오후	0
24	203007.347 오후	0
46	203007.357 오후	0
69	203007.368 오후	0
84	203007.379 오후	0
84	203007.389 오후	0
81	203007.399 오후	0
87	203007.409 오후	0
85	203007.420 오후	0
66	203007.430 오후	0
52	203007.441 오후	0
42	203007.451 오후	0
32	203007.481 오후	0
32	203007.490 오후	0
49	203007.501 오후	0
58	203007.511 오후	0
56	203007.524 오후	0
59	203007.547 오후	0
85	203007.562 오후	0
108	203007.575 오후	0
91	203007.586 오후	0
83	203007.597 오후	0
101	203007.606 오후	0
123	203007.617 오후	0
99	203007.627 오후	0
78	203007.637 오후	0
92	203007.647 오후	0
92	203007.657 오후	0
75	203007.668 오후	0
69	203007.678 오후	0
57	203007.689 오후	0
35	203007.699 오후	0
33	203007.709 오후	0
51	203007.720 오후	0
56	203007.731 오후	0
48	203007.741 오후	0
24	203007.752 오후	0
19	203007.762 오후	0
32	203007.771 오후	0
57	203007.782 오후	0
77	203007.794 오후	0
90	203007.804 오후	0
106	203007.815 오후	0
118	203007.833 오후	0
107	203007.855 오후	0
102	203007.880 오후	0
106	203007.903 오후	0
130	203007.925 오후	0
181	203007.948 오후	0
188	203007.969 오후	0
146	203007.984 오후	0
117	203007.998 오후	0
119	203008.008 오후	0
152	203008.019 오후	0
180	203008.030 오후	0
195	203008.040 오후	0
189	203008.051 오후	0
148	203008.062 오후	0
119	203008.075 오후	0
117	203008.085 오후	0
144	203008.095 오후	0
33	203008.105 오후	0
57	203008.115 오후	0
52	203008.141 오후	0
13	203008.152 오후	0
4	203008.163 오후	0
11	203008.173 오후	0
8	203008.190 오후	0
-2	203008.213 오후	0
-5	203008.236 오후	0
-10	203008.266 오후	0
-11	203008.281 오후	0
-4	203008.295 오후	0
1	203008.308 오후	0
8	203008.322 오후	0
-4	203008.335 오후	0
-14	203008.378 오후	0
-21	203008.396 오후	0
-25	203008.409 오후	0
-17	203008.423 오후	0
0	203008.436 오후	0
2	203008.450 오후	0
8	203008.463 오후	0
36	203008.477 오후	0
52	203008.491 오후	0
37	203008.505 오후	0
43	203008.516 오후	0
76	203008.527 오후	0
112	203008.537 오후	0
128	203008.548 오후	0
120	203008.558 오후	0
68	203008.569 오후	0
19	203008.580 오후	0
24	203008.590 오후	0
59	203008.601 오후	0
70	203008.611 오후	0
55	203008.622 오후	0
37	203008.633 오후	0
23	203008.644 오후	0
29	203008.654 오후	0
59	203008.665 오후	0
90	203008.675 오후	0
112	203008.686 오후	0
126	203008.706 오후	0
138	203008.723 오후	0
145	203008.737 오후	0
161	203008.751 오후	0
180	203008.764 오후	0
176	203008.777 오후	0
161	203008.797 오후	0
133	203008.818 오후	0
85	203008.841 오후	0
57	203008.863 오후	0
70	203008.884 오후	0
85	203008.903 오후	0
80	203008.916 오후	0
66	203008.929 오후	0
59	203008.942 오후	0
77	203008.955 오후	0
98	203008.967 오후	0
70	203008.978 오후	0
70	203008.988 오후	0
75	203009.000 오후	0
88	203009.011 오후	0
83	203009.021 오후	0
71	203009.033 오후	0
65	203009.044 오후	0
53	203009.054 오후	0
53	203009.064 오후	0
52	203009.075 오후	0
54	203009.097 오후	0
81	203009.115 오후	0
81	203009.149 오후	0
51	203009.163 오후	0
35	203009.175 오후	0
37	203009.186 오후	0
48	203009.198 오후	0
49	203009.208 오후	0
51	203009.219 오후	0
58	203009.230 오후	0
67	203009.267 오후	0
91	203009.304 오후	0
123	203009.323 오후	0
145	203009.336 오후	0
135	203009.349 오후	0
112	203009.366 오후	0
94	203009.379 오후	0
71	203009.390 오후	0
38	203009.401 오후	0
38	203009.412 오후	0
50	203009.423 오후	0
28	203009.433 오후	0
49	203009.444 오후	0
118	203009.455 오후	0
148	203009.466 오후	0
131	203009.486 오후	0
116	203009.511 오후	0
117	203009.532 오후	0
121	203009.546 오후	0
112	203009.562 오후	0
77	203009.585 오후	0
66	203009.608 오후	0
74	203009.631 오후	0
73	203009.656 오후	0
66	203009.679 오후	0
58	203009.703 오후	0
37	203009.719 오후	0
10	203009.734 오후	0
16	203009.745 오후	0
44	203009.756 오후	0
62	203009.766 오후	0
59	203009.786 오후	0
66	203009.805 오후	0
55	203009.819 오후	0
36	203009.833 오후	0
19	203009.848 오후	0
19	203009.864 오후	0
12	203009.878 오후	0
-5	203009.891 오후	0
-29	203009.905 오후	0
-47	203009.919 오후	0
-20	203009.951 오후	0
21	203009.982 오후	0
33	203010.002 오후	0
-2	203010.016 오후	0
-29	203010.027 오후	0
-26	203010.039 오후	0
-28	203010.050 오후	0
-52	203010.061 오후	0
-59	203010.072 오후	0
82	203010.083 오후	0
72	203010.094 오후	0
57	203010.105 오후	0
39	203010.116 오후	0
25	203010.141 오후	0
36	203010.152 오후	0
48	203010.164 오후	0
38	203010.175 오후	0
30	203010.186 오후	0
14	203010.198 오후	0
-2	203010.208 오후	0
0	203010.219 오후	0
36	203010.231 오후	0
72	203010.242 오후	0
76	203010.273 오후	0
87	203010.284 오후	0
81	203010.295 오후	0
59	203010.310 오후	0
68	203010.321 오후	0
52	203010.332 오후	0
14	203010.343 오후	0
-4	203010.354 오후	0
-14	203010.366 오후	0
-41	203010.377 오후	0
-6	203010.388 오후	0
42	203010.399 오후	0
85	203010.410 오후	0
99	203010.421 오후	0
71	203010.432 오후	0
64	203010.443 오후	0
57	203010.455 오후	0
52	203010.466 오후	0
57	203010.477 오후	0
82	203010.488 오후	0
78	203010.499 오후	0
56	203010.511 오후	0
39	203010.522 오후	0
42	203010.533 오후	0
38	203010.544 오후	0
39	203010.563 오후	0
44	203010.586 오후	0
60	203010.611 오후	0
41	203010.634 오후	0
5	203010.650 오후	0
22	203010.665 오후	0
56	203010.680 오후	0
66	203010.694 오후	0
50	203010.715 오후	0
33	203010.735 오후	0
35	203010.750 오후	0
55	203010.764 오후	0
59	203010.779 오후	0
42	203010.799 오후	0
21	203010.832 오후	0
16	203010.863 오후	0
16	203010.898 오후	0
21	203010.930 오후	0
38	203010.951 오후	0
45	203010.969 오후	0
53	203010.988 오후	0
66	203011.003 오후	0
69	203011.014 오후	0
71	203011.024 오후	0
71	203011.035 오후	0
68	203011.047 오후	0
56	203011.058 오후	0
53	203011.069 오후	0
64	203011.080 오후	0
66	203011.091 오후	0
55	203011.105 오후	0
50	203011.116 오후	0
57	203011.144 오후	0
74	203011.156 오후	1
71	203011.168 오후	1
68	203011.179 오후	1
72	203011.190 오후	1
80	203011.237 오후	1
74	203011.263 오후	1
62	203011.290 오후	1
65	203011.316 오후	1
55	203011.337 오후	1
55	203011.354 오후	1
73	203011.370 오후	1
88	203011.388 오후	1
91	203011.403 오후	1
88	203011.423 오후	1
88	203011.438 오후	1
92	203011.458 오후	1
90	203011.485 오후	1
91	203011.511 오후	1	1
89	203011.522 오후	1
85	203011.533 오후	1
68	203011.544 오후	1
52	203011.556 오후	1
56	203011.567 오후	1
43	203011.578 오후	1
33	203011.589 오후	1
43	203011.601 오후	1
65	203011.613 오후	1
85	203011.624 오후	1
85	203011.635 오후	1
74	203011.647 오후	1
59	203011.658 오후	1
56	203011.680 오후	1
58	203011.698 오후	1
61	203011.713 오후	1
68	203011.727 오후	1
69	203011.743 오후	1
75	203011.755 오후	1
80	203011.767 오후	1
64	203011.779 오후	1
41	203011.790 오후	1
45	203011.801 오후	1
43	203011.813 오후	1
44	203011.824 오후	1
49	203011.835 오후	1
69	203011.847 오후	1
78	203011.858 오후	1
67	203011.869 오후	1
110	203011.881 오후	1
100	203011.892 오후	1
89	203011.903 오후	1
89	203011.915 오후	1
85	203011.926 오후	1
71	203011.938 오후	1
35	203011.949 오후	1
18	203011.961 오후	1
37	203011.973 오후	1
55	203011.984 오후	1
65	203011.996 오후	1
64	203012.008 오후	1
61	203012.020 오후	1
59	203012.031 오후	1
25	203012.043 오후	1
8	203012.054 오후	1
34	203012.066 오후	1
44	203012.078 오후	1
36	203012.088 오후	1
56	203012.100 오후	1
71	203012.111 오후	1
66	203012.144 오후	1
60	203012.156 오후	0
64	203012.168 오후	0
60	203012.179 오후	0
42	203012.191 오후	0
23	203012.204 오후	0
24	203012.215 오후	0
42	203012.228 오후	0
58	203012.239 오후	0
53	203012.251 오후	0
44	203012.263 오후	0
42	203012.274 오후	0
43	203012.286 오후	0
50	203012.309 오후	0
43	203012.328 오후	0
48	203012.343 오후	0
40	203012.359 오후	0
39	203012.373 오후	0
48	203012.388 오후	0
52	203012.403 오후	0
42	203012.418 오후	0
29	203012.432 오후	0
48	203012.452 오후	0
74	203012.474 오후	0
74	203012.498 오후	0
67	203012.522 오후	0
64	203012.545 오후	0
65	203012.565 오후	0
74	203012.579 오후	0
68	203012.593 오후	0
45	203012.609 오후	0
38	203012.623 오후	0
39	203012.638 오후	0
59	203012.657 오후	0
81	203012.687 오후	0
88	203012.709 오후	0
74	203012.722 오후	0
64	203012.737 오후	0
66	203012.751 오후	0
73	203012.765 오후	0
73	203012.778 오후	0
60	203012.790 오후	0
52	203012.804 오후	0
55	203012.830 오후	0
68	203012.856 오후	0
68	203012.882 오후	0
52	203012.906 오후	0
39	203012.927 오후	0
88	203012.942 오후	0
77	203012.958 오후	0
69	203012.973 오후	0
76	203012.999 오후	0
86	203013.024 오후	0
90	203013.042 오후	0
87	203013.055 오후	0
69	203013.068 오후	0
58	203013.080 오후	0
78	203013.092 오후	0
92	203013.105 오후	0
90	203013.116 오후	0
72	203013.156 오후	0
70	203013.182 오후	0
57	203013.208 오후	0
55	203013.233 오후	0
53	203013.280 오후	0
48	203013.318 오후	0
36	203013.360 오후	0
26	203013.401 오후	0
16	203013.425 오후	0
5	203013.449 오후	0
-8	203013.467 오후	0
-35	203013.482 오후	0
-54	203013.496 오후	0
-35	203013.512 오후	0
20	203013.537 오후	0
52	203013.563 오후	0
60	203013.583 오후	0
54	203013.597 오후	0
57	203013.612 오후	0
90	203013.623 오후	0
119	203013.635 오후	0
121	203013.657 오후	0
102	203013.677 오후	0
73	203013.693 오후	0
62	203013.709 오후	0
81	203013.724 오후	0
101	203013.749 오후	0
108	203013.768 오후	0
105	203013.784 오후	0
107	203013.799 오후	0
99	203013.816 오후	0
68	203013.831 오후	0
32	203013.847 오후	0
5	203013.859 오후	0
7	203013.871 오후	0
9	203013.883 오후	0
18	203013.896 오후	0
33	203013.908 오후	0
50	203013.919 오후	0
60	203013.931 오후	0
74	203013.942 오후	0
84	203013.954 오후	0
78	203013.967 오후	0
75	203013.979 오후	0
76	203013.991 오후	0
66	203014.002 오후	0
52	203014.015 오후	0
40	203014.028 오후	0
41	203014.040 오후	0
42	203014.052 오후	0
50	203014.070 오후	0
55	203014.092 오후	0
60	203014.109 오후	0
64	203014.141 오후	0
65	203014.156 오후	0
66	203014.173 오후	0
70	203014.188 오후	0
83	203014.204 오후	0
94	203014.217 오후	0
87	203014.230 오후	0
70	203014.242 오후	0
50	203014.254 오후	0
32	203014.267 오후	0
39	203014.279 오후	0
76	203014.290 오후	0
98	203014.302 오후	0
83	203014.340 오후	0
50	203014.363 오후	0
22	203014.377 오후	0
5	203014.394 오후	0
7	203014.406 오후	0
4	203014.419 오후	0
4	203014.431 오후	0
27	203014.443 오후	0
51	203014.456 오후	0
45	203014.467 오후	0
26	203014.480 오후	0
8	203014.493 오후	0
32	203014.505 오후	0
57	203014.517 오후	0
46	203014.529 오후	0
25	203014.542 오후	0
24	203014.554 오후	0
34	203014.567 오후	0
44	203014.592 오후	0
56	203014.610 오후	0
54	203014.626 오후	0
38	203014.642 오후	0
17	203014.658 오후	0
9	203014.674 오후	0
24	203014.690 오후	0
39	203014.726 오후	0
52	203014.757 오후	0
50	203014.779 오후	0
41	203014.801 오후	0
42	203014.824 오후	0
58	203014.846 오후	0
69	203014.869 오후	0
69	203014.884 오후	0
73	203014.898 오후	0
80	203014.910 오후	0
84	203014.923 오후	0
74	203014.936 오후	0
52	203014.948 오후	0
49	203014.961 오후	0
54	203014.972 오후	0
41	203014.985 오후	0
32	203014.998 오후	0
38	203015.010 오후	0
52	203015.022 오후	0
52	203015.034 오후	0
37	203015.047 오후	0
27	203015.059 오후	0
37	203015.071 오후	0
34	203015.083 오후	0
41	203015.096 오후	0
58	203015.108 오후	0
73	203015.136 오후	0
65	203015.153 오후	0
56	203015.165 오후	0
48	203015.177 오후	0
55	203015.189 오후	0
71	203015.201 오후	0
70	203015.213 오후	0
64	203015.226 오후	0
53	203015.238 오후	0
46	203015.251 오후	0
42	203015.263 오후	0
37	203015.275 오후	0
38	203015.287 오후	0
41	203015.324 오후	0
43	203015.354 오후	0
38	203015.383 오후	0
48	203015.412 오후	0
58	203015.429 오후	0
64	203015.447 오후	0
64	203015.466 오후	0
38	203015.484 오후	0
20	203015.502 오후	0
23	203015.519 오후	0
48	203015.534 오후	0
72	203015.546 오후	0
75	203015.559 오후	0
67	203015.572 오후	0
58	203015.584 오후	0
42	203015.597 오후	0
23	203015.609 오후	0
22	203015.621 오후	0
27	203015.635 오후	0
42	203015.647 오후	0
44	203015.660 오후	0
28	203015.672 오후	0
28	203015.684 오후	0
69	203015.697 오후	0
129	203015.710 오후	0
137	203015.722 오후	0
103	203015.735 오후	0
67	203015.747 오후	0
68	203015.760 오후	0
85	203015.772 오후	0
100	203015.785 오후	0
101	203015.798 오후	0
87	203015.810 오후	0
76	203015.823 오후	0
71	203015.843 오후	0
66	203015.868 오후	0
54	203015.885 오후	0
66	203015.901 오후	0
88	203015.917 오후	0
99	203015.929 오후	0
92	203015.942 오후	0
90	203015.955 오후	0
65	203015.968 오후	0
90	203015.983 오후	0
113	203016.009 오후	0
123	203016.025 오후	0
108	203016.041 오후	0
76	203016.054 오후	0
59	203016.067 오후	0
61	203016.079 오후	0
69	203016.092 오후	0
68	203016.104 오후	0
53	203016.117 오후	0
43	203016.171 오후	0
58	203016.200 오후	1
76	203016.224 오후	1
82	203016.240 오후	1
84	203016.256 오후	1
85	203016.272 오후	1
74	203016.289 오후	1
60	203016.337 오후	1
53	203016.376 오후	1
54	203016.419 오후	1
41	203016.462 오후	1
21	203016.486 오후	1
20	203016.503 오후	1
30	203016.523 오후	1	1
44	203016.535 오후	1
41	203016.547 오후	1
32	203016.560 오후	1
35	203016.573 오후	1
57	203016.585 오후	1
66	203016.598 오후	1
66	203016.613 오후	1
74	203016.639 오후	1
72	203016.655 오후	1
52	203016.670 오후	1
34	203016.683 오후	1
48	203016.695 오후	1
64	203016.720 오후	1
43	203016.740 오후	1
19	203016.756 오후	1
32	203016.769 오후	1
65	203016.783 오후	1
65	203016.796 오후	1
25	203016.809 오후	1
-1	203016.826 오후	1
-9	203016.853 오후	1
-5	203016.880 오후	1
8	203016.911 오후	1
5	203016.939 오후	1
-10	203016.955 오후	1
-4	203016.972 오후	1
10	203016.988 오후	1
25	203017.004 오후	1
26	203017.021 오후	1
28	203017.038 오후	1
19	203017.053 오후	1
-3	203017.086 오후	1
-13	203017.121 오후	1
-8	203017.165 오후	1
-2	203017.188 오후	0
99	203017.209 오후	0
116	203017.229 오후	0
114	203017.246 오후	0
102	203017.259 오후	0
89	203017.273 오후	0
81	203017.286 오후	0
75	203017.300 오후	0
86	203017.313 오후	0
92	203017.327 오후	0
90	203017.339 오후	0
81	203017.353 오후	0
85	203017.367 오후	0
105	203017.380 오후	0
120	203017.392 오후	0
130	203017.405 오후	0
122	203017.418 오후	0
93	203017.432 오후	0
76	203017.445 오후	0
84	203017.458 오후	0
89	203017.471 오후	0
75	203017.504 오후	0
39	203017.517 오후	0
21	203017.530 오후	0
16	203017.542 오후	0
18	203017.555 오후	0
20	203017.568 오후	0
17	203017.595 오후	0
7	203017.615 오후	0
11	203017.632 오후	0
20	203017.649 오후	0
33	203017.665 오후	0
49	203017.682 오후	0
53	203017.697 오후	0
34	203017.711 오후	0
18	203017.724 오후	0
24	203017.736 오후	0
44	203017.750 오후	0
48	203017.778 오후	0
48	203017.806 오후	0
53	203017.834 오후	0
65	203017.862 오후	0
82	203017.891 오후	0
82	203017.913 오후	0
74	203017.931 오후	0
76	203017.944 오후	0
77	203017.957 오후	0
82	203017.983 오후	0
77	203018.002 오후	0
70	203018.019 오후	0
68	203018.036 오후	0
78	203018.057 오후	0
87	203018.082 오후	0
86	203018.100 오후	0
76	203018.136 오후	0
61	203018.157 오후	1
53	203018.172 오후	1
51	203018.185 오후	1
60	203018.198 오후	1
56	203018.211 오후	1
43	203018.224 오후	1
50	203018.238 오후	1
58	203018.251 오후	1
67	203018.264 오후	1
58	203018.277 오후	1
40	203018.290 오후	1
48	203018.303 오후	1
78	203018.317 오후	1
104	203018.344 오후	1
88	203018.375 오후	1
18	203018.393 오후	1
16	203018.410 오후	1
8	203018.427 오후	1
5	203018.443 오후	1
8	203018.457 오후	1
14	203018.475 오후	1
34	203018.490 오후	1
54	203018.504 오후	1
59	203018.522 오후	1
43	203018.539 오후	1
38	203018.552 오후	1
48	203018.566 오후	1
64	203018.579 오후	1
65	203018.593 오후	1	1
55	203018.607 오후	1
53	203018.640 오후	1
65	203018.653 오후	1
69	203018.667 오후	1
68	203018.680 오후	1
57	203018.693 오후	1
57	203018.707 오후	1
55	203018.731 오후	1
51	203018.757 오후	1
38	203018.780 오후	1
24	203018.796 오후	1
33	203018.814 오후	1
67	203018.831 오후	1
80	203018.848 오후	1
70	203018.868 오후	1
64	203018.892 오후	1
71	203018.907 오후	1
74	203018.925 오후	1
60	203018.940 오후	1
56	203018.968 오후	1
51	203018.995 오후	1
39	203019.015 오후	1
26	203019.031 오후	1
10	203019.044 오후	1
1	203019.057 오후	1
8	203019.070 오후	1
33	203019.083 오후	1
55	203019.096 오후	1
67	203019.123 오후	1
54	203019.177 오후	1
36	203019.196 오후	1
26	203019.212 오후	1
21	203019.231 오후	1
24	203019.248 오후	1
21	203019.261 오후	1
24	203019.275 오후	1
42	203019.288 오후	1
85	203019.300 오후	1
102	203019.315 오후	1
72	203019.328 오후	1
37	203019.345 오후	1
35	203019.371 오후	1
50	203019.388 오후	1
69	203019.406 오후	1
80	203019.424 오후	1
59	203019.438 오후	1
68	203019.451 오후	1
89	203019.465 오후	1
97	203019.478 오후	1
87	203019.493 오후	1
84	203019.507 오후	1
71	203019.521 오후	1
50	203019.533 오후	1
36	203019.546 오후	1
38	203019.561 오후	1
46	203019.575 오후	1
56	203019.588 오후	1	1
52	203019.601 오후	1
64	203019.615 오후	1
76	203019.630 오후	1
74	203019.643 오후	1
54	203019.659 오후	1
37	203019.672 오후	1
33	203019.685 오후	1
28	203019.699 오후	1
30	203019.738 오후	1
26	203019.763 오후	1
16	203019.781 오후	1
11	203019.810 오후	1
19	203019.835 오후	1
34	203019.854 오후	1
52	203019.869 오후	1
59	203019.881 오후	1
66	203019.894 오후	1
69	203019.907 오후	1
44	203019.920 오후	1
36	203019.935 오후	1
48	203019.959 오후	1
76	203019.988 오후	1
87	203020.009 오후	1
55	203020.027 오후	1
29	203020.044 오후	1
41	203020.062 오후	1
45	203020.079 오후	1
41	203020.096 오후	1
44	203020.113 오후	1
44	203020.150 오후	1
44	203020.174 오후	0
48	203020.192 오후	0
52	203020.210 오후	0
58	203020.228 오후	0
80	203020.246 오후	0
78	203020.263 오후	0
74	203020.281 오후	0
83	203020.298 오후	0
76	203020.316 오후	0
45	203020.334 오후	0
25	203020.351 오후	0
35	203020.369 오후	0
49	203020.386 오후	0
49	203020.403 오후	0
48	203020.421 오후	0
51	203020.434 오후	0
34	203020.448 오후	0
12	203020.465 오후	0
18	203020.481 오후	0
38	203020.496 오후	0
50	203020.511 오후	0
34	203020.525 오후	0
24	203020.538 오후	0
33	203020.552 오후	0
38	203020.566 오후	0
54	203020.580 오후	0
74	203020.593 오후	0
89	203020.607 오후	0
41	203020.620 오후	0
8	203020.635 오후	0
-11	203020.650 오후	0
-12	203020.668 오후	0
-2	203020.692 오후	0
2	203020.709 오후	0
-2	203020.725 오후	0
2	203020.739 오후	0
7	203020.752 오후	0
7	203020.766 오후	0
11	203020.780 오후	0
25	203020.809 오후	0
43	203020.859 오후	0
57	203020.890 오후	0
42	203020.919 오후	0
29	203020.941 오후	0
49	203020.958 오후	0
67	203020.971 오후	0
67	203020.985 오후	0
51	203020.999 오후	0
32	203021.013 오후	0
13	203021.026 오후	0
10	203021.039 오후	0
18	203021.057 오후	0
17	203021.086 오후	0
17	203021.113 오후	0
21	203021.149 오후	0
28	203021.171 오후	0
29	203021.190 오후	0
35	203021.219 오후	0
48	203021.258 오후	0
54	203021.281 오후	0
50	203021.303 오후	0
53	203021.331 오후	0
57	203021.361 오후	0
51	203021.381 오후	0
56	203021.395 오후	0
70	203021.410 오후	0
86	203021.424 오후	0
87	203021.438 오후	0
65	203021.452 오후	0
57	203021.465 오후	0
82	203021.479 오후	0
86	203021.492 오후	0
71	203021.506 오후	0
54	203021.520 오후	0
42	203021.534 오후	0
40	203021.548 오후	0
39	203021.565 오후	0
50	203021.591 오후	0
64	203021.608 오후	0
62	203021.624 오후	0
66	203021.638 오후	0
69	203021.651 오후	0
54	203021.665 오후	0
52	203021.678 오후	0
69	203021.692 오후	0
87	203021.707 오후	0
88	203021.720 오후	0
19	203021.733 오후	0
20	203021.747 오후	0
-3	203021.760 오후	0
-3	203021.774 오후	0
17	203021.788 오후	0
42	203021.802 오후	0
45	203021.816 오후	0
35	203021.829 오후	0
28	203021.843 오후	0
25	203021.857 오후	0
36	203021.886 오후	0
62	203021.904 오후	0
65	203021.921 오후	0
51	203021.935 오후	0
51	203021.949 오후	0
58	203021.963 오후	0
49	203021.977 오후	0
27	203022.011 오후	0
25	203022.026 오후	0
42	203022.041 오후	0
53	203022.071 오후	0
54	203022.099 오후	0
49	203022.117 오후	0
52	203022.159 오후	0
71	203022.181 오후	1
75	203022.197 오후	1
60	203022.210 오후	1
55	203022.225 오후	1
71	203022.239 오후	1
96	203022.253 오후	1
99	203022.267 오후	1
91	203022.284 오후	1
101	203022.315 오후	1
104	203022.344 오후	1
85	203022.374 오후	1
67	203022.404 오후	1
60	203022.436 오후	1
64	203022.467 오후	1
64	203022.485 오후	1	1
56	203022.499 오후	1
58	203022.512 오후	1
74	203022.529 오후	1
82	203022.544 오후	1
80	203022.560 오후	1
72	203022.574 오후	1
70	203022.587 오후	1
68	203022.602 오후	1
53	203022.616 오후	1
53	203022.629 오후	1
80	203022.643 오후	1
83	203022.657 오후	1
54	203022.671 오후	1
22	203022.685 오후	1
23	203022.698 오후	1
49	203022.712 오후	1
58	203022.726 오후	1
42	203022.740 오후	1
21	203022.753 오후	1
3	203022.776 오후	1
34	203022.798 오후	1
32	203022.816 오후	1
48	203022.830 오후	1
53	203022.845 오후	1
48	203022.859 오후	1
44	203022.873 오후	1
41	203022.887 오후	1
42	203022.900 오후	1
46	203022.923 오후	1
57	203022.947 오후	1
69	203022.965 오후	1
62	203022.983 오후	1
51	203023.000 오후	1
64	203023.016 오후	1
72	203023.030 오후	1
57	203023.045 오후	1
43	203023.059 오후	1
51	203023.074 오후	1
53	203023.089 오후	1
42	203023.103 오후	1
24	203023.118 오후	1
16	203023.149 오후	1
27	203023.184 오후	1
21	203023.198 오후	1
5	203023.215 오후	1
17	203023.243 오후	1
37	203023.261 오후	1
49	203023.280 오후	1
53	203023.298 오후	1
55	203023.317 오후	1
54	203023.334 오후	1
52	203023.348 오후	1
56	203023.362 오후	1
53	203023.377 오후	1
48	203023.391 오후	1
50	203023.407 오후	1
51	203023.421 오후	1
38	203023.435 오후	1
34	203023.450 오후	1
40	203023.464 오후	1
43	203023.478 오후	1
25	203023.493 오후	1
6	203023.509 오후	1
17	203023.523 오후	1
44	203023.536 오후	1
67	203023.553 오후	1
72	203023.568 오후	1
67	203023.583 오후	1
65	203023.598 오후	1	1
70	203023.612 오후	1
71	203023.626 오후	1
71	203023.641 오후	1
67	203023.655 오후	1
65	203023.669 오후	1
65	203023.683 오후	1
57	203023.698 오후	1
52	203023.712 오후	1
42	203023.727 오후	1
29	203023.741 오후	1
3	203023.756 오후	1
-4	203023.770 오후	1
8	203023.790 오후	1
19	203023.821 오후	1
20	203023.852 오후	1
16	203023.884 오후	1
24	203023.914 오후	1
40	203023.938 오후	1
56	203023.957 오후	1
56	203023.975 오후	1
52	203023.993 오후	1
24	203024.007 오후	1
23	203024.021 오후	1
20	203024.035 오후	1
20	203024.050 오후	1
21	203024.064 오후	1
17	203024.080 오후	1
12	203024.110 오후	1
23	203024.146 오후	1
39	203024.163 오후	0
39	203024.178 오후	0
50	203024.193 오후	0
45	203024.207 오후	0
32	203024.222 오후	0
22	203024.237 오후	0
34	203024.286 오후	0
53	203024.306 오후	0
68	203024.325 오후	0
68	203024.343 오후	0
72	203024.361 오후	0
77	203024.380 오후	0
74	203024.399 오후	0
67	203024.416 오후	0
70	203024.432 오후	0
75	203024.449 오후	0
82	203024.468 오후	0
74	203024.483 오후	0
67	203024.500 오후	0
59	203024.518 오후	0
50	203024.533 오후	0
51	203024.547 오후	0
69	203024.565 오후	0
85	203024.585 오후	0
92	203024.607 오후	0
92	203024.624 오후	0
91	203024.640 오후	0
75	203024.656 오후	0
65	203024.673 오후	0
69	203024.687 오후	0
80	203024.701 오후	0
74	203024.717 오후	0
57	203024.732 오후	0
50	203024.754 오후	0
54	203024.775 오후	0
72	203024.795 오후	0
82	203024.818 오후	0
67	203024.839 오후	0
41	203024.864 오후	0
16	203024.880 오후	0
-5	203024.894 오후	0
0	203024.911 오후	0
16	203024.926 오후	0
24	203024.942 오후	0
35	203024.957 오후	0
55	203024.971 오후	0
37	203024.984 오후	0
23	203024.998 오후	0
20	203025.018 오후	0
16	203025.051 오후	0
0	203025.075 오후	0
-162	203025.105 오후	0
-161	203025.143 오후	0
-149	203025.170 오후	1
-123	203025.195 오후	1
-103	203025.221 오후	1
-109	203025.244 오후	1
-113	203025.265 오후	1
-91	203025.281 오후	1
-65	203025.302 오후	1
-48	203025.323 오후	1
-48	203025.348 오후	1
-56	203025.373 오후	1
-58	203025.398 오후	1
-49	203025.425 오후	1
-51	203025.453 오후	1
-55	203025.481 오후	1
-45	203025.500 오후	1
-34	203025.522 오후	1
-36	203025.548 오후	1
-50	203025.591 오후	1	1
-44	203025.615 오후	1
-30	203025.639 오후	1
-39	203025.657 오후	1
-76	203025.682 오후	1
-116	203025.704 오후	1
-115	203025.721 오후	1
-65	203025.746 오후	1
-5	203025.771 오후	1
19	203025.793 오후	1
5	203025.819 오후	1
-6	203025.842 오후	1
-1	203025.865 오후	1
9	203025.881 오후	1
17	203025.897 오후	1
10	203025.920 오후	1
4	203025.935 오후	1
-5	203025.950 오후	1
-20	203025.965 오후	1
-33	203025.979 오후	1
-26	203025.994 오후	1
1	203026.010 오후	1
29	203026.033 오후	1
22	203026.050 오후	1
-1	203026.069 오후	1
-13	203026.085 오후	1
-15	203026.100 오후	1
-6	203026.119 오후	1
3	203026.153 오후	1
-4	203026.171 오후	0
-23	203026.185 오후	0
-8	203026.204 오후	0
9	203026.218 오후	0
12	203026.232 오후	0
7	203026.247 오후	0
19	203026.261 오후	0
40	203026.276 오후	0
40	203026.291 오후	0
27	203026.306 오후	0
30	203026.321 오후	0
39	203026.336 오후	0
42	203026.351 오후	0
56	203026.366 오후	0
58	203026.381 오후	0
21	203026.396 오후	0
-2	203026.410 오후	0
7	203026.425 오후	0
38	203026.440 오후	0
49	203026.454 오후	0
17	203026.468 오후	0
10	203026.488 오후	0
12	203026.517 오후	0
14	203026.547 오후	0
25	203026.574 오후	0
32	203026.593 오후	0
24	203026.611 오후	0
22	203026.629 오후	0
32	203026.648 오후	0
50	203026.664 오후	0
64	203026.682 오후	0
52	203026.697 오후	0
43	203026.713 오후	0
56	203026.777 오후	0
73	203026.801 오후	0
82	203026.840 오후	0
68	203026.871 오후	0
45	203026.890 오후	0
33	203026.922 오후	0
24	203026.962 오후	0
21	203026.985 오후	0
24	203027.002 오후	0
13	203027.017 오후	0
16	203027.032 오후	0
28	203027.047 오후	0
44	203027.062 오후	0
41	203027.077 오후	0
40	203027.091 오후	0
34	203027.106 오후	0
32	203027.139 오후	0
42	203027.155 오후	0
56	203027.169 오후	0
38	203027.185 오후	0
3	203027.199 오후	0
-5	203027.214 오후	0
9	203027.229 오후	0
26	203027.245 오후	0
29	203027.261 오후	0
40	203027.276 오후	0
54	203027.293 오후	0
55	203027.322 오후	0
55	203027.342 오후	0
64	203027.361 오후	0
52	203027.382 오후	0
50	203027.412 오후	0
45	203027.431 오후	0
41	203027.451 오후	0
41	203027.473 오후	0
53	203027.511 오후	0
59	203027.533 오후	0
84	203027.548 오후	0
85	203027.564 오후	0
56	203027.580 오후	0
30	203027.602 오후	0
35	203027.636 오후	0
67	203027.660 오후	0
80	203027.680 오후	0
54	203027.699 오후	0
37	203027.719 오후	0
55	203027.738 오후	0
-5	203027.753 오후	0
-21	203027.769 오후	0
-37	203027.784 오후	0
-40	203027.799 오후	0
-25	203027.814 오후	0
-3	203027.828 오후	0
8	203027.863 오후	0
22	203027.896 오후	0
41	203027.933 오후	0
53	203027.958 오후	0
53	203027.978 오후	0
39	203027.993 오후	0
21	203028.008 오후	0
8	203028.022 오후	0
-6	203028.037 오후	0
-21	203028.052 오후	0
-9	203028.068 오후	0
22	203028.110 오후	0
51	203028.174 오후	0
58	203028.196 오후	0
55	203028.212 오후	0
43	203028.227 오후	0
35	203028.242 오후	0
37	203028.257 오후	0
27	203028.272 오후	0
21	203028.288 오후	0
20	203028.303 오후	0
11	203028.318 오후	0
1	203028.333 오후	0
5	203028.349 오후	0
0	203028.364 오후	0
-6	203028.379 오후	0
16	203028.394 오후	0
22	203028.409 오후	0
0	203028.425 오후	0
-11	203028.441 오후	0
5	203028.456 오후	0
17	203028.471 오후	0
25	203028.487 오후	0
39	203028.502 오후	0
38	203028.517 오후	0
34	203028.532 오후	0
36	203028.548 오후	0
35	203028.563 오후	0
44	203028.578 오후	0
58	203028.593 오후	0
33	203028.609 오후	0
-17	203028.623 오후	0
-34	203028.638 오후	0
-17	203028.654 오후	0
6	203028.671 오후	0
6	203028.685 오후	0
-21	203028.700 오후	0
-43	203028.715 오후	0
-42	203028.731 오후	0
-27	203028.747 오후	0
-2	203028.762 오후	0
20	203028.777 오후	0
11	203028.792 오후	0
-9	203028.808 오후	0
0	203028.824 오후	0
6	203028.839 오후	0
10	203028.854 오후	0
12	203028.869 오후	0
21	203028.884 오후	0
38	203028.901 오후	0
32	203028.917 오후	0
7	203028.931 오후	0
-11	203028.946 오후	0
-41	203028.962 오후	0
-39	203028.978 오후	0
-17	203028.992 오후	0
-7	203029.007 오후	0
-25	203029.023 오후	0
-35	203029.038 오후	0
-17	203029.053 오후	0
5	203029.068 오후	0
19	203029.083 오후	0
24	203029.099 오후	0
24	203029.138 오후	0
28	203029.152 오후	0
34	203029.163 오후	0
30	203029.174 오후	0
37	203029.185 오후	0
51	203029.196 오후	0
55	203029.208 오후	0
70	203029.218 오후	0
91	203029.230 오후	0
104	203029.241 오후	0
102	203029.252 오후	0
97	203029.263 오후	0
108	203029.274 오후	0
114	203029.285 오후	0
107	203029.296 오후	0
88	203029.308 오후	0
70	203029.318 오후	0
53	203029.330 오후	0
45	203029.341 오후	0
45	203029.352 오후	0
54	203029.363 오후	0
70	203029.374 오후	0
77	203029.385 오후	0
67	203029.396 오후	0
64	203029.407 오후	0
74	203029.418 오후	0
96	203029.430 오후	0
115	203029.441 오후	0
124	203029.453 오후	0
122	203029.465 오후	0
119	203029.476 오후	0
116	203029.499 오후	0
114	203029.518 오후	0
107	203029.533 오후	0
96	203029.546 오후	0
91	203029.556 오후	0
108	203029.567 오후	0
125	203029.579 오후	0
135	203029.590 오후	0
141	203029.604 오후	0
164	203029.630 오후	0
163	203029.657 오후	0
149	203029.684 오후	0
147	203029.709 오후	0
152	203029.732 오후	0
144	203029.755 오후	0
140	203029.770 오후	0
144	203029.783 오후	0
138	203029.794 오후	0
48	203029.805 오후	0
26	203029.818 오후	0
19	203029.830 오후	0
-4	203029.841 오후	0
-40	203029.852 오후	0
-43	203029.864 오후	0
-34	203029.878 오후	0
-33	203029.889 오후	0
-43	203029.900 오후	0
-68	203029.912 오후	0
-84	203029.923 오후	0
-82	203029.934 오후	0
-38	203029.945 오후	0
1	203029.957 오후	0
-2	203029.968 오후	0
-30	203030.012 오후	0
-28	203030.038 오후	0
-10	203030.059 오후	0
1	203030.076 오후	0
-3	203030.092 오후	0
-22	203030.108 오후	0
-34	203030.178 오후	0
-38	203030.199 오후	0
-37	203030.213 오후	0
-40	203030.226 오후	0
-56	203030.240 오후	0
-76	203030.254 오후	0
-89	203030.279 오후	0
-51	203030.302 오후	0
13	203030.320 오후	0
35	203030.332 오후	0
18	203030.343 오후	0
0	203030.356 오후	0
2	203030.368 오후	0
35	203030.380 오후	0
80	203030.392 오후	0
92	203030.404 오후	0
60	203030.417 오후	0
35	203030.433 오후	0
40	203030.445 오후	0
57	203030.458 오후	0
70	203030.472 오후	0
46	203030.485 오후	0
25	203030.497 오후	0
19	203030.512 오후	0
20	203030.525 오후	0
17	203030.537 오후	0
-3	203030.549 오후	0
1	203030.564 오후	0
25	203030.589 오후	0
48	203030.614 오후	0
60	203030.640 오후	0
33	203030.658 오후	0
-5	203030.675 오후	0
-42	203030.691 오후	0
-25	203030.706 오후	0
11	203030.722 오후	0
17	203030.737 오후	0
9	203030.751 오후	0
-22	203030.766 오후	0
-23	203030.781 오후	0
-8	203030.796 오후	0
-12	203030.809 오후	0
-27	203030.821 오후	0
-35	203030.833 오후	0
-36	203030.845 오후	0
-58	203030.856 오후	0
-81	203030.868 오후	0
-77	203030.880 오후	0
-53	203030.892 오후	0
-47	203030.904 오후	0
-70	203030.915 오후	0
-89	203030.927 오후	0
-45	203030.940 오후	0
24	203030.952 오후	0
64	203030.964 오후	0
70	203030.975 오후	0
68	203031.007 오후	0
56	203031.018 오후	0
60	203031.030 오후	0
67	203031.042 오후	0
52	203031.054 오후	0
47	203031.065 오후	0
43	203031.078 오후	0
39	203031.089 오후	0
50	203031.101 오후	0
72	203031.114 오후	0
97	203031.139 오후	0
105	203031.150 오후	0
96	203031.163 오후	0
73	203031.174 오후	0
49	203031.187 오후	0
-5	203031.199 오후	0
-28	203031.210 오후	0
6	203031.222 오후	0
23	203031.233 오후	0
14	203031.245 오후	0
12	203031.257 오후	0
24	203031.269 오후	0
29	203031.280 오후	0
35	203031.292 오후	0
34	203031.304 오후	0
33	203031.316 오후	0
25	203031.328 오후	0
4	203031.340 오후	0
-24	203031.352 오후	0
-26	203031.364 오후	0
-1	203031.384 오후	0
16	203031.410 오후	0
12	203031.436 오후	0
23	203031.461 오후	0
35	203031.487 오후	0
43	203031.503 오후	0
32	203031.518 오후	0
14	203031.533 오후	0
33	203031.549 오후	0
42	203031.564 오후	0
17	203031.580 오후	0
3	203031.595 오후	0
27	203031.610 오후	0
68	203031.622 오후	0
74	203031.635 오후	0
72	203031.647 오후	0
83	203031.659 오후	0
91	203031.671 오후	0
84	203031.682 오후	0
58	203031.694 오후	0
8	203031.706 오후	0
-38	203031.719 오후	0
-25	203031.731 오후	0
10	203031.742 오후	0
43	203031.755 오후	0
83	203031.767 오후	0
89	203031.779 오후	0
64	203031.791 오후	0
38	203031.803 오후	0
40	203031.815 오후	0
53	203031.827 오후	0
58	203031.839 오후	0
40	203031.851 오후	0
19	203031.864 오후	0
11	203031.897 오후	0
18	203031.908 오후	0
21	203031.921 오후	0
11	203031.932 오후	0
20	203031.945 오후	0
37	203031.957 오후	0
49	203031.969 오후	0
48	203031.980 오후	0
42	203031.992 오후	0
49	203032.004 오후	0
57	203032.016 오후	0
53	203032.028 오후	0
39	203032.040 오후	0
35	203032.052 오후	0
35	203032.064 오후	0
50	203032.076 오후	0
64	203032.088 오후	0
40	203032.098 오후	0
13	203032.110 오후	0
12	203032.136 오후	0
24	203032.148 오후	0
40	203032.161 오후	0
42	203032.173 오후	0
32	203032.186 오후	0
8	203032.198 오후	0
7	203032.211 오후	0
25	203032.223 오후	0
25	203032.236 오후	0
12	203032.248 오후	0
8	203032.260 오후	0
12	203032.272 오후	0
7	203032.284 오후	0
-10	203032.297 오후	0
-28	203032.309 오후	0
-17	203032.321 오후	0
23	203032.332 오후	0
51	203032.344 오후	0
50	203032.356 오후	0
41	203032.367 오후	0
36	203032.379 오후	0
21	203032.391 오후	0
5	203032.403 오후	0
17	203032.415 오후	0
36	203032.428 오후	0
27	203032.439 오후	0
-1	203032.452 오후	0
-24	203032.464 오후	0
-37	203032.476 오후	0
-39	203032.489 오후	0
-25	203032.500 오후	0
-3	203032.512 오후	0
9	203032.525 오후	0
2	203032.537 오후	0
-11	203032.550 오후	0
-17	203032.562 오후	0
-7	203032.579 오후	0
7	203032.602 오후	0
19	203032.617 오후	0
22	203032.632 오후	0
25	203032.647 오후	0
38	203032.662 오후	0
64	203032.678 오후	0
88	203032.749 오후	0
110	203032.774 오후	0
108	203032.798 오후	0
85	203032.822 오후	0
72	203032.844 오후	0
82	203032.860 오후	0
100	203032.875 오후	0
102	203032.891 오후	0
82	203032.906 오후	0
65	203032.920 오후	0
64	203032.935 오후	0
81	203032.946 오후	0
108	203032.960 오후	0
135	203032.972 오후	0
132	203032.984 오후	0
117	203032.996 오후	0
112	203033.008 오후	0
128	203033.020 오후	0
151	203033.032 오후	0
156	203033.044 오후	0
134	203033.057 오후	0
128	203033.070 오후	0
133	203033.082 오후	0
137	203033.094 오후	0
137	203033.107 오후	0
146	203033.132 오후	0
146	203033.144 오후	0
137	203033.157 오후	0
137	203033.170 오후	0
147	203033.182 오후	0
163	203033.195 오후	0
164	203033.217 오후	0
153	203033.238 오후	0
147	203033.255 오후	0
136	203033.271 오후	0
140	203033.286 오후	0
149	203033.303 오후	0
152	203033.318 오후	0
154	203033.331 오후	0
145	203033.343 오후	0
120	203033.355 오후	0
116	203033.368 오후	0
139	203033.381 오후	0
10	203033.394 오후	0
11	203033.406 오후	0
32	203033.418 오후	0
39	203033.431 오후	0
26	203033.443 오후	0
26	203033.456 오후	0
40	203033.469 오후	0
50	203033.481 오후	0
44	203033.494 오후	0
42	203033.514 오후	0
42	203033.541 오후	0
51	203033.569 오후	0
66	203033.596 오후	0
83	203033.622 오후	0
97	203033.649 오후	0
97	203033.665 오후	0
91	203033.681 오후	0
92	203033.693 오후	0
85	203033.706 오후	0
73	203033.718 오후	0
75	203033.731 오후	0
88	203033.764 오후	0
93	203033.786 오후	0
90	203033.816 오후	0
83	203033.846 오후	0
93	203033.869 오후	0
106	203033.887 오후	0
99	203033.904 오후	0
84	203033.921 오후	0
87	203033.940 오후	0
94	203033.958 오후	0
81	203033.975 오후	0
67	203033.994 오후	0
68	203034.011 오후	0
80	203034.023 오후	0
90	203034.036 오후	0
86	203034.048 오후	0
59	203034.061 오후	0
35	203034.074 오후	0
40	203034.086 오후	0
39	203034.099 오후	0
8	203034.112 오후	0
-12	203034.137 오후	0
-6	203034.149 오후	0
25	203034.162 오후	0
41	203034.175 오후	0
32	203034.188 오후	0
23	203034.201 오후	0
18	203034.213 오후	0
32	203034.235 오후	0
41	203034.257 오후	0
48	203034.273 오후	0
45	203034.290 오후	0
36	203034.306 오후	0
20	203034.319 오후	0
-6	203034.332 오후	0
-27	203034.345 오후	0
-43	203034.357 오후	0
-41	203034.372 오후	0
-26	203034.397 오후	0
-18	203034.413 오후	0
-6	203034.429 오후	0
29	203034.441 오후	0
83	203034.454 오후	0
130	203034.468 오후	0
167	203034.480 오후	0
197	203034.493 오후	0
211	203034.505 오후	0
186	203034.518 오후	0
-341	203034.531 오후	0
-358	203034.544 오후	0
-339	203034.557 오후	0
-313	203034.570 오후	0
-311	203034.582 오후	0
-307	203034.595 오후	0
-297	203034.608 오후	0
-281	203034.637 오후	0
-257	203034.655 오후	0
-231	203034.671 오후	0
-203	203034.687 오후	0
-188	203034.703 오후	0
-186	203034.716 오후	0
-194	203034.729 오후	0
-195	203034.766 오후	0
-167	203034.792 오후	0
-136	203034.808 오후	0
-145	203034.823 오후	0
-162	203034.837 오후	0
-154	203034.850 오후	0
-132	203034.864 오후	0
-113	203034.877 오후	0
-114	203034.890 오후	0
-122	203034.902 오후	0
-134	203034.915 오후	0
-130	203034.929 오후	0
-114	203034.941 오후	0
-89	203034.955 오후	0
-68	203034.968 오후	0
-66	203034.981 오후	0
-74	203034.994 오후	0
-86	203035.006 오후	0
-83	203035.019 오후	0
-55	203035.031 오후	0
-37	203035.044 오후	0
-22	203035.058 오후	0
-3	203035.084 오후	0
-11	203035.111 오후	0
-24	203035.151 오후	0
-1	203035.169 오후	0
25	203035.187 오후	0
25	203035.203 오후	0
21	203035.220 오후	0
1	203035.237 오후	0
-19	203035.250 오후	0
-11	203035.262 오후	0
4	203035.277 오후	0
20	203035.290 오후	0
24	203035.303 오후	0
22	203035.315 오후	0
17	203035.328 오후	0
27	203035.356 오후	0
56	203035.383 오후	0
71	203035.411 오후	0
66	203035.430 오후	0
59	203035.447 오후	0
59	203035.461 오후	0
75	203035.474 오후	0
92	203035.487 오후	0
309	203035.499 오후	0
308	203035.513 오후	0
290	203035.526 오후	0
289	203035.539 오후	0
284	203035.569 오후	0
274	203035.597 오후	0
272	203035.625 오후	0
282	203035.643 오후	0
292	203035.660 오후	0
291	203035.674 오후	0
283	203035.687 오후	0
281	203035.700 오후	0
275	203035.713 오후	0
259	203035.727 오후	0
249	203035.740 오후	0
258	203035.753 오후	0
249	203035.766 오후	0
225	203035.780 오후	0
216	203035.793 오후	0
244	203035.826 오후	0
267	203035.839 오후	0
264	203035.852 오후	0
259	203035.865 오후	0
283	203035.878 오후	0
310	203035.892 오후	0
295	203035.904 오후	0
258	203035.917 오후	0
231	203035.931 오후	0
227	203035.943 오후	0
230	203035.957 오후	0
233	203035.970 오후	0
220	203035.982 오후	0
208	203035.996 오후	0
217	203036.009 오후	0
247	203036.023 오후	0
267	203036.036 오후	0
246	203036.049 오후	0
218	203036.062 오후	0
232	203036.075 오후	0
272	203036.089 오후	0
274	203036.102 오후	0
250	203036.115 오후	0
228	203036.141 오후	0
209	203036.158 오후	0
200	203036.171 오후	0
208	203036.184 오후	0
210	203036.197 오후	0
200	203036.210 오후	0
188	203036.223 오후	0
182	203036.237 오후	0
195	203036.249 오후	0
217	203036.263 오후	0
218	203036.276 오후	0
217	203036.289 오후	0
213	203036.304 오후	0
200	203036.316 오후	0
193	203036.340 오후	0
204	203036.360 오후	0
213	203036.375 오후	0
212	203036.390 오후	0
214	203036.402 오후	0
215	203036.416 오후	0
211	203036.429 오후	0
205	203036.442 오후	0
210	203036.455 오후	0
202	203036.469 오후	0
182	203036.498 오후	0
146	203036.529 오후	0
119	203036.545 오후	0
118	203036.561 오후	0
106	203036.576 오후	0
103	203036.589 오후	0
113	203036.603 오후	0
108	203036.616 오후	0
91	203036.629 오후	0
86	203036.642 오후	0
73	203036.664 오후	0
57	203036.696 오후	0
49	203036.723 오후	0
44	203036.752 오후	0
49	203036.781 오후	0
54	203036.831 오후	0
69	203036.859 오후	0
75	203036.890 오후	0
68	203036.918 오후	0
48	203036.936 오후	0
40	203036.953 오후	0
35	203036.968 오후	0
39	203036.981 오후	0
35	203036.994 오후	0
18	203037.007 오후	0
3	203037.020 오후	0
-5	203037.033 오후	0
-13	203037.046 오후	0
-12	203037.059 오후	0
-5	203037.072 오후	0
-1	203037.085 오후	0
12	203037.100 오후	0
32	203037.113 오후	0
43	203037.140 오후	0
58	203037.155 오후	1
65	203037.170 오후	1
58	203037.183 오후	1
53	203037.195 오후	1
70	203037.208 오후	1
100	203037.221 오후	1
93	203037.235 오후	1
70	203037.248 오후	1
67	203037.262 오후	1
64	203037.275 오후	1
53	203037.288 오후	1
55	203037.302 오후	1
44	203037.315 오후	1
20	203037.328 오후	1
1	203037.342 오후	1
-9	203037.356 오후	1
-10	203037.370 오후	1
-10	203037.384 오후	1
6	203037.398 오후	1
40	203037.411 오후	1
70	203037.425 오후	1
82	203037.438 오후	1
66	203037.452 오후	1
38	203037.464 오후	1
6	203037.478 오후	1
10	203037.492 오후	1	1
72	203037.506 오후	1
130	203037.519 오후	1
6	203037.533 오후	1
11	203037.547 오후	1
35	203037.560 오후	1
40	203037.574 오후	1
38	203037.586 오후	1
44	203037.601 오후	1
50	203037.620 오후	1
50	203037.646 오후	1
34	203037.674 오후	1
17	203037.701 오후	1
19	203037.717 오후	1
37	203037.741 오후	1
49	203037.780 오후	1
40	203037.807 오후	1
27	203037.827 오후	1
11	203037.842 오후	1
22	203037.858 오후	1
33	203037.919 오후	1
37	203037.949 오후	1
53	203037.969 오후	1
67	203037.982 오후	1
68	203037.996 오후	1
44	203038.009 오후	1
18	203038.022 오후	1
4	203038.035 오후	1
35	203038.048 오후	1
60	203038.062 오후	1
59	203038.075 오후	1
44	203038.088 오후	1
28	203038.101 오후	1
17	203038.113 오후	1
34	203038.141 오후	1
50	203038.157 오후	0
33	203038.170 오후	0
9	203038.184 오후	0
3	203038.198 오후	0
21	203038.211 오후	0
28	203038.225 오후	0
11	203038.239 오후	0
8	203038.252 오후	0
33	203038.266 오후	0
49	203038.280 오후	0
40	203038.294 오후	0
27	203038.307 오후	0
16	203038.321 오후	0
18	203038.335 오후	0
18	203038.349 오후	0
9	203038.362 오후	0
-1	203038.376 오후	0
-9	203038.389 오후	0
-8	203038.404 오후	0
-4	203038.417 오후	0
-8	203038.442 오후	0
-5	203038.461 오후	0
0	203038.478 오후	0
49	203038.495 오후	0
52	203038.512 오후	0
40	203038.530 오후	0
28	203038.553 오후	0
35	203038.576 오후	0
32	203038.593 오후	0
23	203038.611 오후	0
40	203038.627 오후	0
55	203038.644 오후	0
61	203038.661 오후	0
74	203038.675 오후	0
72	203038.689 오후	0
28	203038.703 오후	0
4	203038.717 오후	0
16	203038.729 오후	0
20	203038.747 오후	0
20	203038.767 오후	0
36	203038.788 오후	0
64	203038.818 오후	0
74	203038.847 오후	0
69	203038.867 오후	0
52	203038.914 오후	0
51	203038.953 오후	0
59	203038.980 오후	0
68	203039.005 오후	0
67	203039.035 오후	0
68	203039.060 오후	0
54	203039.086 오후	0
56	203039.110 오후	0
89	203039.123 오후	0
101	203039.149 오후	0
90	203039.165 오후	0
97	203039.178 오후	0
120	203039.193 오후	0
113	203039.207 오후	0
102	203039.221 오후	0
97	203039.235 오후	0
93	203039.248 오후	0
98	203039.262 오후	0
87	203039.276 오후	0
73	203039.290 오후	0
73	203039.304 오후	0
101	203039.318 오후	0
133	203039.354 오후	0
