0.0286685845937615
0.024782149619062
0.0186536097431179
0.0195856520807668
0.0178237338820575
0.0183105144714736
0.0194037465403753
0.017794387820443
0.0197469061490974
0.0182810261853294
0.018138300604128
0.018770236924839
0.0190516220062525
0.0191731833117806
0.0181719287322018
0.0153946006659211
0.0164682483733119
0.0168207210659223
0.0165646307433051
0.0174369757431886
0.0166501782794922
0.0178358047247521
0.0172288546287444
0.0205611936096574
0.0150266392761419
0.0155931488272951
0.017929522719216
0.0179626510341355
0.0158621757047685
0.0163458927809954
0.0176871663088255
0.0168036099657162
0.0170567470986276
0.0176230960854625
0.0185174862351677
0.017861908018234
0.0172785672393332
0.016217772881643
0.0182474853799894
0.0181704773341421
0.0169556763766993
0.0153674774983767
0.0173468846714132
0.0195238033168969
0.0178470558338418
0.0187064474435369
0.0179908599413255
0.0174396201940695
0.0171208203950489
0.0185793814471264
0.0183286575661358
0.0155183158614619
0.0160199732442051
0.0166428901711328
0.0153502190416405
0.0172477923461055
0.0158702647487444
0.0178726034145096
0.017867089137835
0.0174853625719993
0.0166192077183544
0.0182149240490022
0.0166117738116523
0.0171340012305771
0.0166994973560233
0.0173214542029071
0.0297382635634284
0.0355463714416127
0.036596316431362
0.0291426850263144
