0.0273511795935837
0.0231711148923026
0.0174386674140381
0.0151182336586473
0.0161506488522505
0.0158117056043298
0.016315811815493
0.0181615561942611
0.0158281104531832
0.0153846952196227
0.0155257574429015
0.0149873031585358
0.0168200394978459
0.0167778405696511
0.0167008633546976
0.0162209108417481
0.0172859266285296
0.0166241006461606
0.0164833021433875
0.0173184635886556
0.0166338483746693
0.0174684053260041
0.0177275913053891
0.0157884111746581
0.0182429714739574
0.0169540726327083
0.0187366497498006
0.0179310986986567
0.0174241619644472
0.0180571259027478
0.017769628803292
0.018596180052815
0.0218061748748958
